Predictions(GD) 	 Predictions(C) 	 True Value
1.47013			 1.35741			 1.36171
1.65324			 1.49128			 1.5584
3.7435			 4.24765			 4.16941
2.38861			 2.39555			 2.37149
0.997242			 1.05109			 1.04088
2.03506			 1.94528			 1.89957
1.06443			 1.09298			 1.03252
0.914979			 1.00852			 0.962839
1.22226			 1.11764			 1.17804
1.09296			 1.08089			 1.09141
1.03783			 1.09438			 1.00518
1.50944			 1.38374			 1.40507
1.16634			 1.0754			 1.09398
1.06863			 1.09153			 1.0993
1.92309			 1.79686			 1.85312
3.51397			 3.90508			 3.8727
2.66244			 2.72116			 2.73199
1.70213			 1.53686			 1.53741
2.86938			 2.97697			 3.00664
1.56851			 1.42418			 1.4567
2.69574			 2.76124			 2.78317
0.972932			 0.998493			 1.05305
3.46858			 3.83566			 3.79611
0.886885			 1.14117			 1.04959
3.71762			 4.21032			 4.14035
3.25417			 3.51099			 3.49075
1.17085			 1.07746			 1.07122
1.14191			 1.06933			 1.09063
2.49031			 2.51687			 2.49374
1.73102			 1.56623			 1.54346
0.952859			 0.959444			 0.980421
1.17964			 1.08225			 1.08767
2.11583			 2.05235			 2.02377
1.42884			 1.32805			 1.33619
3.65888			 4.12403			 4.11309
2.44687			 2.46529			 2.41284
1.20688			 1.10289			 1.15134
1.16601			 1.07526			 1.15157
1.14923			 1.07024			 1.10162
1.38436			 1.29208			 1.22821
2.4639			 2.48554			 2.48458
2.19026			 2.14917			 2.09479
2.52707			 2.56037			 2.56838
1.03056			 1.09135			 1.08239
0.92125			 0.983286			 1.02256
1.83032			 1.67927			 1.74008
0.899308			 1.09316			 1.01857
1.27613			 1.17823			 1.14573
2.28417			 2.26787			 2.26135
1.00618			 1.0663			 1.01672
1.65477			 1.49262			 1.48148
1.33248			 1.24191			 1.18043
2.1025			 2.03479			 2.00889
1.05664			 1.09499			 1.07168
1.77341			 1.61239			 1.68706
3.55403			 3.96615			 3.93176
3.06497			 3.2384			 3.26403
0.898146			 1.09952			 1.05708
2.04583			 1.95963			 1.99677
1.0062			 1.06633			 1.0538
1.7902			 1.63158			 1.62386
3.90193			 4.46337			 4.45639
2.67977			 2.74198			 2.794
0.874175			 1.06298			 0.964624
1.21703			 1.11242			 1.12386
1.96647			 1.85399			 1.85422
0.97133			 0.994862			 0.979662
1.10759			 1.07486			 1.11292
0.85481			 0.109327			 1.02151
0.857345			 0.337121			 0.962486
0.951497			 0.95768			 0.997734
2.0925			 2.02158			 1.96431
1.27326			 1.17486			 1.20844
1.40513			 1.30959			 1.32944
2.08464			 2.01118			 1.97011
1.07693			 1.08817			 1.09171
2.55911			 2.59826			 2.58527
2.59228			 2.63755			 2.67981
2.58867			 2.63326			 2.60861
1.66486			 1.50163			 1.52218
0.913659			 1.01469			 0.994303
1.02062			 1.08404			 0.9954
1.42402			 1.32442			 1.26612
1.4139			 1.31659			 1.31119
1.20178			 1.09844			 1.16418
3.72061			 4.21465			 4.16671
0.909384			 1.03643			 1.03868
2.4798			 2.50441			 2.45745
1.45669			 1.34814			 1.30316
0.979171			 1.01278			 0.979832
1.41168			 1.31484			 1.26443
1.04425			 1.09565			 1.00176
1.03104			 1.0916			 1.05563
1.55386			 1.41383			 1.38046
0.985267			 1.0265			 0.999102
1.11674			 1.07198			 1.07685
1.30474			 1.21141			 1.24319
1.31592			 1.22396			 1.24703
1.7467			 1.5829			 1.62394
0.919943			 0.987955			 0.985074
0.945225			 0.951976			 1.04127
1.24879			 1.14643			 1.1714
1.83242			 1.68183			 1.72395
0.968074			 0.987613			 1.03313
0.902333			 1.07605			 1.04298
1.20471			 1.10097			 1.1062
1.13062			 1.06946			 1.07049
2.40171			 2.41131			 2.36602
1.0139			 1.07686			 1.02701
1.27587			 1.17791			 1.22183
1.72102			 1.55587			 1.53674
1.67887			 1.51451			 1.55314
0.915149			 1.00774			 1.02994
2.14701			 2.09318			 2.04252
1.21019			 1.10591			 1.10893
0.912014			 1.02277			 0.990122
2.2112			 2.17598			 2.17569
1.39069			 1.29756			 1.30284
4.05672			 4.64382			 4.6417
1.04178			 1.09531			 1.05141
3.77681			 4.29497			 4.20559
1.44005			 1.33632			 1.33588
1.08437			 1.08482			 1.05473
0.910288			 1.03163			 0.96195
1.29513			 1.20039			 1.15847
1.96611			 1.8535			 1.86132
1.69011			 1.52516			 1.52966
2.0435			 1.95652			 1.97009
1.50915			 1.38354			 1.32845
3.07563			 3.25327			 3.2938
1.35281			 1.2627			 1.19925
1.02875			 1.0903			 1.0793
0.983187			 1.02188			 1.04117
0.862814			 0.699122			 0.967826
1.20063			 1.09747			 1.08703
3.17406			 3.39344			 3.40934
1.17232			 1.07819			 1.12157
1.13228			 1.06933			 1.12896
1.8937			 1.75876			 1.79226
3.1096			 3.30107			 3.30249
2.92316			 3.04672			 3.1153
1.39555			 1.30168			 1.28029
0.853844			 0.0106314			 0.95219
1.39971			 1.30515			 1.31187
1.63435			 1.47508			 1.5154
1.03473			 1.09331			 1.00001
0.935169			 0.953359			 1.01995
0.92939			 0.961461			 1.04465
1.75601			 1.59303			 1.60608
1.20149			 1.09819			 1.10122
3.21112			 3.44746			 3.47566
0.928148			 0.963985			 1.02434
0.947045			 0.953186			 1.0013
3.17695			 3.39762			 3.36982
1.40063			 1.3059			 1.28601
0.914098			 1.01261			 1.02414
1.68306			 1.51845			 1.58164
0.946671			 0.952905			 1.045
2.13458			 2.07695			 2.0505
1.28282			 1.18606			 1.16937
2.87854			 2.98875			 3.03379
0.865009			 0.803797			 1.01274
2.28153			 2.26459			 2.27431
1.13719			 1.06916			 1.08565
0.983351			 1.02225			 1.03454
4.14399			 4.7275			 4.79925
1.7091			 1.54379			 1.61344
1.10751			 1.07489			 1.09716
1.62441			 1.46685			 1.49555
1.55022			 1.4113			 1.38957
0.891414			 1.13067			 0.97056
0.881008			 1.13116			 0.993477
1.01598			 1.07929			 1.05622
0.902417			 1.07557			 1.04936
1.91373			 1.78466			 1.76277
1.72642			 1.56143			 1.56734
1.07523			 1.0889			 1.06904
1.41001			 1.31351			 1.30866
1.38685			 1.29425			 1.2164
1.06161			 1.09382			 1.05798
1.97259			 1.8621			 1.86161
1.26578			 1.16608			 1.16716
1.77804			 1.61763			 1.68399
1.48751			 1.36913			 1.33986
2.20913			 2.17334			 2.18564
1.18013			 1.08254			 1.08022
1.58641			 1.43724			 1.44675
1.7246			 1.55956			 1.6001
3.56191			 3.97813			 3.89943
1.2332			 1.12911			 1.11019
0.916719			 1.00082			 0.999805
3.97515			 4.55325			 4.50041
1.78507			 1.62567			 1.67305
1.81202			 1.65722			 1.63436
1.13578			 1.06918			 1.08391
0.862578			 0.686658			 0.98694
1.40311			 1.30795			 1.25856
1.16826			 1.07624			 1.1535
0.986771			 1.0298			 0.998821
1.6432			 1.48257			 1.54084
1.2904			 1.19492			 1.23728
0.888481			 1.13885			 0.965523
2.4481			 2.46676			 2.3993
1.39024			 1.29718			 1.24926
1.79558			 1.63783			 1.6729
1.4539			 1.34619			 1.27572
0.8993			 1.0932			 0.995715
1.54338			 1.40659			 1.4194
1.74347			 1.57942			 1.62894
0.939466			 0.950957			 1.03191
0.854696			 0.0980693			 0.975622
1.80739			 1.65172			 1.71196
2.71233			 2.78133			 2.82026
0.8971			 1.10509			 1.03222
1.16241			 1.07384			 1.06374
0.993799			 1.04445			 1.0417
3.43956			 3.79126			 3.79831
1.82474			 1.6725			 1.6456
0.999561			 1.05532			 1.00313
1.04719			 1.09583			 1.00829
3.05012			 3.2178			 3.28146
1.70843			 1.54311			 1.60616
1.34769			 1.2576			 1.26804
1.40477			 1.30929			 1.23824
2.08187			 2.00751			 1.96935
2.37313			 2.37687			 2.35424
1.17265			 1.07835			 1.14047
2.69806			 2.76405			 2.75785
1.0334			 1.09275			 1.02397
3.10155			 3.28969			 3.33024
3.88806			 4.44554			 4.44434
1.04981			 1.0958			 1.07608
0.874671			 1.07072			 1.0274
2.20799			 2.17188			 2.11927
0.911594			 1.02488			 1.04216
2.7374			 2.81186			 2.84389
1.57261			 1.42713			 1.4792
1.21715			 1.11254			 1.10405
1.09533			 1.07983			 1.06524
1.98649			 1.88057			 1.92164
1.28578			 1.18953			 1.16846
1.48463			 1.3672			 1.36928
1.92228			 1.79581			 1.83294
1.05092			 1.09574			 1.03463
2.13626			 2.07914			 2.09
2.93152			 3.05772			 3.04073
0.996574			 1.04983			 1.05342
1.08505			 1.08451			 1.04513
2.44169			 2.45911			 2.42279
1.67656			 1.51236			 1.52217
1.84809			 1.70111			 1.73287
1.75331			 1.59007			 1.59876
2.35387			 2.35352			 2.27617
1.05188			 1.09566			 1.0574
1.27952			 1.1822			 1.21536
3.06103			 3.23292			 3.24851
1.27981			 1.18254			 1.13223
1.49002			 1.37081			 1.31331
3.23608			 3.4842			 3.52825
2.27163			 2.25225			 2.17229
1.42914			 1.32828			 1.29455
1.15673			 1.07198			 1.14504
0.863954			 0.756016			 1.01364
1.00408			 1.06301			 1.04531
0.951057			 0.957146			 1.02243
0.894209			 1.11931			 0.9891
1.43083			 1.32954			 1.28465
1.37094			 1.28001			 1.22651
2.2752			 2.2567			 2.18037
1.5495			 1.4108			 1.39028
1.12196			 1.07075			 1.05721
3.31934			 3.6085			 3.59346
1.47462			 1.36046			 1.33899
1.5131			 1.38617			 1.41047
2.09412			 2.02372			 1.98538
1.22086			 1.11623			 1.14644
3.68085			 4.15653			 4.12383
1.00835			 1.06951			 0.986614
1.3346			 1.24414			 1.20039
1.17012			 1.0771			 1.09059
2.96023			 3.09573			 3.14432
0.899342			 1.09297			 1.05568
3.61963			 4.06538			 4.06467
1.71259			 1.54729			 1.55265
3.91217			 4.47637			 4.43181
1.54011			 1.40436			 1.4397
1.2866			 1.19049			 1.17811
1.31892			 1.22727			 1.23052
1.06165			 1.09381			 1.09827
1.21855			 1.11392			 1.16894
1.1247			 1.07023			 1.08634
1.15533			 1.07159			 1.14574
1.09617			 1.07946			 1.06371
1.65587			 1.4936			 1.47663
0.898899			 1.09542			 1.01301
2.37531			 2.37951			 2.33986
2.5921			 2.63733			 2.64024
2.43559			 2.45185			 2.43625
1.10099			 1.07741			 1.03358
0.990275			 1.03727			 1.00713
2.28716			 2.27159			 2.28826
1.05328			 1.09551			 1.06565
1.23627			 1.13244			 1.17952
0.963987			 0.978913			 1.01061
1.40359			 1.30833			 1.24344
0.925254			 0.970984			 0.986346
3.76946			 4.2846			 4.19178
2.12403			 2.06312			 2.06403
0.891127			 1.13166			 1.01214
1.03868			 1.09462			 1.00153
1.41207			 1.31515			 1.33536
0.898788			 1.09603			 1.01625
1.18987			 1.08904			 1.12561
1.26104			 1.16055			 1.1447
1.31749			 1.2257			 1.21643
2.43402			 2.44997			 2.43963
2.84818			 2.9499			 2.98566
1.21812			 1.11349			 1.13001
0.895378			 1.1138			 0.982055
1.23616			 1.13232			 1.124
1.47736			 1.36231			 1.35279
1.09384			 1.08049			 1.02244
1.27092			 1.17211			 1.16576
4.03065			 4.61608			 4.6006
1.09058			 1.08197			 1.06415
1.43919			 1.33569			 1.31286
2.84078			 2.9405			 2.95636
2.26931			 2.24935			 2.2574
0.870974			 0.999612			 0.989892
1.43963			 1.33601			 1.35809
2.41447			 2.42661			 2.37335
1.33493			 1.24449			 1.20734
0.918115			 0.995021			 1.04327
2.63441			 2.68765			 2.7125
1.77486			 1.61402			 1.62691
1.45391			 1.34619			 1.32104
1.51679			 1.38864			 1.40138
1.11553			 1.07231			 1.11352
0.967484			 0.986325			 1.06323
1.15569			 1.07169			 1.10055
1.07444			 1.08924			 1.09789
2.32518			 2.3185			 2.26789
1.96318			 1.84962			 1.85854
1.46409			 1.35327			 1.32776
0.930342			 0.959717			 1.05918
0.909567			 1.03545			 1.02231
1.73472			 1.57013			 1.61417
2.63081			 2.68334			 2.72531
2.13745			 2.0807			 2.05836
2.06754			 1.9885			 2.01162
2.86688			 2.97377			 3.03785
0.965744			 0.982584			 0.994251
0.874232			 1.06389			 1.00358
1.47762			 1.36248			 1.34858
1.04628			 1.0958			 1.08869
1.79369			 1.63563			 1.61272
0.924517			 0.973019			 0.968107
1.09764			 1.07882			 1.1026
0.869788			 0.969542			 1.02835
3.77527			 4.2928			 4.29053
1.22729			 1.12283			 1.1009
1.37352			 1.28238			 1.25324
1.04837			 1.09584			 1.03475
0.970279			 0.9925			 1.01047
1.56449			 1.42131			 1.42389
1.35797			 1.26775			 1.27665
1.07911			 1.08721			 1.0301
3.37802			 3.69738			 3.67244
1.21329			 1.10881			 1.127
2.45345			 2.47312			 2.41194
0.86613			 0.849774			 1.02643
2.27859			 2.26092			 2.19835
2.78902			 2.87551			 2.87554
0.869696			 0.967027			 0.980312
1.12489			 1.0702			 1.10156
1.20112			 1.09788			 1.16652
1.14425			 1.06954			 1.14006
0.943619			 0.951246			 1.056
0.885692			 1.14171			 0.983513
1.15198			 1.07078			 1.14493
1.00732			 1.06802			 1.00235
1.2989			 1.20473			 1.22892
0.920862			 0.984639			 1.03052
2.27199			 2.2527			 2.24889
1.13197			 1.06935			 1.08131
2.18266			 2.13938			 2.10294
1.49708			 1.37551			 1.39658
2.21953			 2.1866			 2.19349
3.0669			 3.24109			 3.27744
3.21304			 3.45027			 3.44741
0.939808			 0.950888			 0.969313
1.0191			 1.08258			 1.06845
2.64543			 2.70079			 2.65045
0.941916			 0.950838			 1.03831
1.14029			 1.06924			 1.10669
2.01958			 1.92465			 1.95044
2.9259			 3.05032			 3.0769
3.56119			 3.97704			 3.93826
0.883132			 1.13874			 1.03331
0.877318			 1.10397			 1.00799
1.58451			 1.43583			 1.45352
1.48126			 1.36493			 1.36567
1.12693			 1.06989			 1.1183
0.882827			 1.13796			 1.04936
2.87382			 2.98267			 2.97046
3.0539			 3.22304			 3.20465
3.25983			 3.51939			 3.52636
1.00108			 1.05799			 0.998099
1.97892			 1.87051			 1.87654
1.13028			 1.06949			 1.1319
0.903824			 1.0675			 0.963014
3.62921			 4.07976			 4.02155
1.44679			 1.34116			 1.26624
1.99028			 1.88562			 1.9007
1.5625			 1.4199			 1.41408
0.870741			 0.993998			 1.03517
1.86816			 1.72622			 1.73655
0.864144			 0.76494			 0.981626
0.953501			 0.960331			 1.00979
1.21197			 1.10757			 1.18205
0.983622			 1.02285			 1.07272
1.83137			 1.68055			 1.72422
1.80292			 1.64643			 1.70219
1.06755			 1.09193			 1.06902
1.43661			 1.3338			 1.34271
1.05172			 1.09568			 1.0845
1.42732			 1.32691			 1.26089
1.18484			 1.08554			 1.09118
0.870152			 0.979181			 1.00267
2.11332			 2.04904			 2.04929
2.70109			 2.76771			 2.74922
1.07816			 1.08763			 1.10686
0.870209			 0.98065			 0.988109
1.386			 1.29352			 1.31072
0.932928			 0.955806			 1.05612
0.869234			 0.954129			 0.997397
0.883121			 1.13871			 0.960962
3.81743			 4.35139			 4.26805
1.235			 1.13106			 1.18848
0.878338			 1.11351			 0.988274
1.35692			 1.26673			 1.21843
1.89823			 1.76459			 1.77957
0.925176			 0.971194			 1.03177
2.02943			 1.93778			 1.93161
2.4465			 2.46485			 2.46071
0.964055			 0.979054			 1.0467
2.1463			 2.09226			 2.04961
1.05444			 1.09536			 1.08294
1.02824			 1.08998			 1.04221
2.42341			 2.4373			 2.44817
1.35898			 1.26872			 1.19917
2.03233			 1.94164			 1.94005
1.34699			 1.2569			 1.26915
0.961842			 0.974601			 1.02518
1.36373			 1.27327			 1.2542
1.49129			 1.37165			 1.31203
1.15306			 1.07102			 1.06535
2.94592			 3.07673			 3.12689
4.05451			 4.64152			 4.64179
1.04641			 1.0958			 1.00354
1.14142			 1.0693			 1.07627
3.49606			 3.87769			 3.82307
0.894487			 1.11803			 0.974852
1.76332			 1.60109			 1.66069
0.92167			 0.981853			 1.02128
1.15409			 1.07127			 1.129
0.950091			 0.956041			 1.06098
1.10374			 1.07631			 1.12269
2.44586			 2.46409			 2.43929
1.69165			 1.52664			 1.57733
0.876905			 1.09961			 0.990807
1.70365			 1.53836			 1.58418
1.17106			 1.07756			 1.14075
2.76392			 2.84442			 2.88207
0.858069			 0.394546			 0.961104
1.52193			 1.39207			 1.43359
1.04952			 1.09581			 1.05802
1.99917			 1.89746			 1.93054
2.66686			 2.72646			 2.7334
0.991037			 1.03886			 1.01274
2.36516			 2.36722			 2.3175
2.58869			 2.63329			 2.59036
0.999713			 1.0556			 1.07555
3.66693			 4.13596			 4.10075
1.69125			 1.52626			 1.51627
1.7102			 1.54489			 1.53331
0.961945			 0.974802			 1.04536
1.52977			 1.39734			 1.34323
1.2075			 1.10345			 1.10606
0.856181			 0.237887			 0.967313
1.23388			 1.12984			 1.18811
3.05586			 3.22574			 3.29806
0.855136			 0.141115			 1.02729
3.21758			 3.45694			 3.49722
1.9917			 1.8875			 1.90701
1.33911			 1.24885			 1.23966
1.35278			 1.26267			 1.23533
1.04898			 1.09583			 1.08274
0.954767			 0.962184			 0.982788
0.949773			 0.955698			 1.04823
1.95412			 1.83765			 1.86833
0.916648			 1.00112			 1.05501
0.949962			 0.9559			 1.04716
2.5416			 2.57754			 2.54655
1.72942			 1.56456			 1.62818
1.05038			 1.09577			 1.00329
0.875176			 1.07808			 1.03617
3.4597			 3.82207			 3.79838
1.19758			 1.09496			 1.16124
3.14737			 3.35493			 3.34114
1.1592			 1.07273			 1.14128
1.08973			 1.08236			 1.02865
1.06856			 1.09156			 1.07581
1.28171			 1.18477			 1.15382
1.29386			 1.19893			 1.17934
3.71231			 4.2026			 4.20474
1.56998			 1.42523			 1.4303
1.64757			 1.48634			 1.53129
3.4139			 3.75207			 3.74352
1.35665			 1.26647			 1.27454
1.15025			 1.07042			 1.05229
0.881506			 1.13341			 0.967966
1.57604			 1.42961			 1.40628
1.56886			 1.42442			 1.43824
1.28634			 1.19018			 1.18218
1.44509			 1.33995			 1.33681
1.37222			 1.28119			 1.2205
2.46259			 2.48398			 2.42657
0.898976			 1.09499			 0.961331
0.908726			 1.03998			 1.02781
1.78766			 1.62865			 1.67407
1.80349			 1.64711			 1.62128
3.41401			 3.75223			 3.73888
2.18993			 2.14874			 2.08432
1.4074			 1.31142			 1.26739
1.54468			 1.40748			 1.42089
2.29079			 2.27609			 2.2011
3.77985			 4.29925			 4.28726
2.02967			 1.9381			 1.94143
1.65442			 1.49231			 1.46427
0.941434			 0.950794			 1.05689
1.96976			 1.85835			 1.82131
1.46053			 1.35081			 1.30804
0.891002			 1.13208			 0.958381
0.904783			 1.06202			 1.02967
0.885006			 1.1415			 1.0207
1.0401			 1.09497			 1.05381
1.12064			 1.07103			 1.04334
1.65255			 1.49067			 1.48267
1.42871			 1.32795			 1.28658
3.04728			 3.21387			 3.19256
0.887235			 1.14081			 0.962106
1.36211			 1.27173			 1.29168
1.85503			 1.70973			 1.71024
0.927045			 0.966468			 1.00911
1.0247			 1.08751			 1.00489
1.59409			 1.44301			 1.47356
2.0946			 2.02436			 1.99175
2.91609			 3.03747			 3.10019
1.55638			 1.41559			 1.37008
0.894478			 1.11807			 0.966345
1.16396			 1.07443			 1.11387
1.1624			 1.07384			 1.12481
1.00943			 1.07105			 1.06054
1.08398			 1.085			 1.04882
1.01637			 1.07972			 0.998544
3.72215			 4.21689			 4.19626
0.904982			 1.06088			 0.981113
0.878937			 1.11835			 1.04377
1.75315			 1.5899			 1.60822
0.858687			 0.441122			 0.99572
1.98861			 1.88339			 1.85476
0.987347			 1.03105			 1.05147
1.13734			 1.06916			 1.10633
0.926501			 0.967775			 0.968169
1.51056			 1.38448			 1.38272
3.52003			 3.91433			 3.9153
0.973438			 0.999645			 1.01034
1.89429			 1.75952			 1.82165
1.18853			 1.08808			 1.16177
1.93303			 1.80988			 1.79218
1.44502			 1.33989			 1.28004
1.14127			 1.06929			 1.105
1.54108			 1.40501			 1.37726
0.93376			 0.954798			 1.03166
1.26595			 1.16628			 1.19444
1.5366			 1.40197			 1.39711
1.3957			 1.30181			 1.31641
0.954269			 0.96144			 1.05676
1.27687			 1.17909			 1.17855
1.68575			 1.52099			 1.51621
1.40758			 1.31156			 1.24719
1.38331			 1.29116			 1.26557
0.994815			 1.04645			 1.04826
2.2054			 2.16857			 2.17632
1.09427			 1.0803			 1.10581
1.01931			 1.08279			 1.02838
3.25639			 3.51429			 3.54724
1.05742			 1.09483			 1.01703
2.41082			 2.42223			 2.367
1.36133			 1.27099			 1.28012
1.53518			 1.401			 1.41275
2.34493			 2.34264			 2.26949
1.05123			 1.09572			 1.05316
3.10381			 3.29287			 3.33701
1.06817			 1.0917			 1.0262
1.25257			 1.15075			 1.16885
2.1125			 2.04797			 2.02491
1.33771			 1.24739			 1.20719
2.77096			 2.85311			 2.87441
0.879116			 1.11969			 1.00726
1.00919			 1.07071			 1.0205
2.21196			 2.17695			 2.10613
1.00652			 1.06682			 1.02036
2.16334			 2.11441			 2.0941
1.2802			 1.183			 1.19718
0.943791			 0.951308			 0.969829
2.24985			 2.22495			 2.15319
2.13353			 2.07557			 2.06164
2.89009			 3.00366			 2.99863
1.98915			 1.8841			 1.88496
0.93795			 0.951474			 0.994183
4.05865			 4.64583			 4.60838
1.23771			 1.13402			 1.13851
1.59541			 1.44401			 1.45549
1.03211			 1.09215			 1.07479
1.38935			 1.29641			 1.28486
1.40165			 1.30675			 1.25058
1.92089			 1.79399			 1.77981
1.1635			 1.07425			 1.13757
2.25254			 2.22833			 2.1748
0.949272			 0.955176			 1.01712
1.37527			 1.28397			 1.23122
0.969756			 0.99133			 0.97352
1.45273			 1.34537			 1.33109
1.06811			 1.09173			 1.08506
0.90866			 1.04034			 0.984827
0.883099			 1.13866			 0.976109
1.50436			 1.38035			 1.35068
0.908377			 1.04188			 1.00898
1.61272			 1.45745			 1.42176
1.49646			 1.3751			 1.35783
3.00514			 3.15615			 3.19907
1.3974			 1.30323			 1.28101
1.59501			 1.4437			 1.433
0.862522			 0.68361			 0.974324
1.14031			 1.06924			 1.12813
1.49123			 1.37161			 1.31087
0.904827			 1.06176			 1.01198
1.20162			 1.0983			 1.08979
1.0095			 1.07114			 1.01384
1.62803			 1.46982			 1.44003
1.01112			 1.07334			 1.06705
1.18666			 1.08678			 1.15648
0.940642			 0.950792			 0.982332
1.05848			 1.0946			 1.02629
0.931697			 0.95752			 1.03473
2.04852			 1.96321			 1.92837
2.62906			 2.68126			 2.66828
0.860386			 0.557958			 1.02463
0.887062			 1.141			 1.04444
0.938497			 0.951247			 1.01421
2.12731			 2.06742			 2.07069
1.67082			 1.50706			 1.56459
0.916773			 1.00059			 0.979951
1.46743			 1.35556			 1.36011
3.79846			 4.32523			 4.32584
2.55298			 2.59101			 2.57435
3.13471			 3.3368			 3.363
2.95979			 3.09515			 3.13364
0.862969			 0.707183			 1.02966
1.11408			 1.07273			 1.08879
1.10202			 1.07699			 1.12291
1.45083			 1.34403			 1.30183
0.855151			 0.142557			 1.04809
3.00837			 3.16054			 3.20235
1.01557			 1.07881			 1.06244
4.07765			 4.66523			 4.68591
2.70282			 2.7698			 2.75739
1.04703			 1.09582			 1.06928
0.934566			 0.953934			 1.05313
1.07946			 1.08705			 1.05655
1.2897			 1.1941			 1.14164
2.06049			 1.97913			 2.0016
3.95059			 4.52393			 4.54083
1.24475			 1.14186			 1.14855
1.04635			 1.0958			 1.0858
1.93664			 1.81461			 1.78342
1.50292			 1.3794			 1.37145
0.893152			 1.12393			 0.965153
0.86028			 0.55114			 1.04516
3.1679			 3.38451			 3.3729
1.54111			 1.40504			 1.35454
0.89739			 1.10356			 1.0408
1.43462			 1.33234			 1.2747
1.0188			 1.08228			 1.02537
3.60385			 4.04163			 4.01757
1.02389			 1.08687			 1.0163
2.50386			 2.53291			 2.53252
1.07956			 1.08701			 1.07472
2.57692			 2.61935			 2.64073
0.996146			 1.04902			 1.00136
2.89006			 3.00361			 3.00021
0.923035			 0.977426			 1.03677
1.05186			 1.09566			 1.07268
2.15578			 2.10459			 2.09257
1.32262			 1.23132			 1.16988
1.27555			 1.17754			 1.18553
1.93676			 1.81477			 1.84991
0.929737			 0.960806			 0.996963
3.01704			 3.17235			 3.18521
0.862007			 0.655366			 0.983252
3.0427			 3.20755			 3.23283
1.70536			 1.54005			 1.53484
1.96898			 1.85732			 1.82746
1.15973			 1.07291			 1.09242
1.78393			 1.62436			 1.6558
1.64193			 1.48148			 1.52325
4.01657			 4.60061			 4.55962
1.17398			 1.07905			 1.14204
3.83626			 4.37701			 4.33621
1.76662			 1.60477			 1.64422
1.47252			 1.35903			 1.34382
1.44805			 1.34206			 1.28851
3.98578			 4.56565			 4.57193
1.18494			 1.08561			 1.12683
1.36668			 1.27605			 1.27742
1.04582			 1.09577			 1.00828
1.28803			 1.19215			 1.1717
1.56096			 1.41881			 1.45737
2.00396			 1.90383			 1.90523
1.62449			 1.46692			 1.50181
0.979909			 1.01446			 1.06798
1.19289			 1.09128			 1.14828
1.09196			 1.08134			 1.03401
1.88821			 1.75171			 1.81041
0.891683			 1.1297			 0.98239
0.857074			 0.314771			 1.031
1.16692			 1.07565			 1.10517
1.551			 1.41184			 1.38338
0.930244			 0.959889			 1.04429
2.03765			 1.94873			 1.97833
2.65943			 2.71755			 2.7403
0.949451			 0.95536			 1.04789
2.87047			 2.97837			 2.96109
0.958902			 0.969061			 1.05532
1.41363			 1.31638			 1.24154
1.34545			 1.25534			 1.26765
0.968938			 0.989515			 0.998694
1.0869			 1.08366			 1.10721
2.02434			 1.93099			 1.90427
1.04571			 1.09576			 1.07586
1.12832			 1.06971			 1.09844
1.02272			 1.08591			 1.00174
1.44232			 1.33795			 1.34931
1.24169			 1.13842			 1.11074
0.892222			 1.12768			 1.0401
1.43619			 1.3335			 1.30422
0.916627			 1.00121			 1.05747
0.864727			 0.791478			 1.00793
1.38208			 1.29007			 1.31002
1.83305			 1.68259			 1.66639
0.971178			 0.994519			 0.977582
1.23696			 1.13319			 1.1399
1.00971			 1.07144			 0.99839
3.9906			 4.57122			 4.57243
1.28261			 1.18582			 1.20609
1.4204			 1.32165			 1.31375
0.952974			 0.9596			 1.00912
1.86411			 1.72111			 1.72187
1.60185			 1.44894			 1.50944
0.94958			 0.955494			 0.997657
3.19231			 3.41996			 3.45874
1.87582			 1.73592			 1.77125
1.02734			 1.08939			 1.09126
2.35523			 2.35518			 2.32061
0.877461			 1.10541			 1.05075
1.3072			 1.2142			 1.1614
0.863615			 0.739695			 0.970089
1.04815			 1.09584			 1.09055
3.17376			 3.393			 3.42593
0.956457			 0.96485			 1.0572
1.01201			 1.07451			 1.0548
1.1071			 1.07504			 1.12069
0.948761			 0.954673			 1.00654
4.20975			 4.78009			 4.84087
1.21348			 1.10899			 1.09263
1.16826			 1.07624			 1.12682
2.08993			 2.01818			 1.98149
0.890621			 1.13331			 0.967842
2.82927			 2.92594			 2.90382
3.47784			 3.84983			 3.79702
1.05916			 1.09445			 1.04689
2.14486			 2.09037			 2.08902
1.93648			 1.8144			 1.8232
1.05894			 1.0945			 1.10204
1.02066			 1.08408			 1.00336
1.26161			 1.16122			 1.20901
0.859431			 0.494217			 1.02444
1.27431			 1.17609			 1.19593
0.958675			 0.968654			 1.00697
3.19226			 3.41988			 3.4162
1.47788			 1.36266			 1.39353
1.4449			 1.33981			 1.36218
0.957381			 0.966394			 0.989363
0.857443			 0.345092			 1.05056
1.0926			 1.08105			 1.07971
2.32151			 2.31399			 2.2984
1.02846			 1.09012			 1.03846
1.46896			 1.35661			 1.37225
3.67926			 4.15418			 4.0718
0.966279			 0.983724			 1.0533
0.874101			 1.06177			 0.988852
2.96604			 3.10349			 3.13008
3.04553			 3.21146			 3.24756
1.22315			 1.11855			 1.09891
1.19805			 1.09533			 1.09024
1.04661			 1.09581			 1.04894
2.79318			 2.88068			 2.91836
1.00001			 1.05613			 1.05647
1.19253			 1.09101			 1.11196
1.1012			 1.07733			 1.02748
2.23228			 2.20277			 2.13313
2.11659			 2.05335			 1.99755
2.07941			 2.00426			 1.94646
1.9975			 1.89522			 1.86397
1.60662			 1.45264			 1.44023
0.927847			 0.964639			 1.05279
1.99786			 1.89571			 1.84246
2.26251			 2.24084			 2.22008
1.09622			 1.07944			 1.10452
2.00996			 1.91183			 1.86733
1.21288			 1.10843			 1.11365
0.904226			 1.0652			 0.986212
1.15583			 1.07173			 1.11059
1.31004			 1.21741			 1.23739
1.5418			 1.40551			 1.39853
0.921833			 0.981306			 1.03032
1.49835			 1.37636			 1.36778
2.00723			 1.90819			 1.91769
1.83752			 1.68807			 1.73937
1.50218			 1.3789			 1.3337
1.25664			 1.15544			 1.11945
1.28347			 1.18683			 1.16932
0.978323			 1.01084			 1.0068
1.26567			 1.16596			 1.19806
1.29603			 1.20144			 1.22883
2.81698			 2.91046			 2.96704
1.61965			 1.46299			 1.47125
0.885096			 1.14155			 1.01575
3.51863			 3.91219			 3.89595
1.29911			 1.20497			 1.18334
0.886563			 1.14143			 0.99008
0.896784			 1.10673			 0.964704
2.34339			 2.34077			 2.27202
1.63941			 1.47934			 1.54317
0.969716			 0.99124			 0.998552
0.858191			 0.403958			 0.988374
3.78898			 4.31203			 4.28475
3.07381			 3.25073			 3.26363
0.893633			 1.12187			 1.04022
0.914181			 1.01222			 0.997015
1.13505			 1.06919			 1.0814
1.47922			 1.36356			 1.37958
1.0418			 1.09531			 1.08082
3.49917			 3.88245			 3.87084
2.31902			 2.31094			 2.3055
2.78136			 2.866			 2.85079
3.37831			 3.69783			 3.71664
1.52519			 1.39426			 1.42983
1.09073			 1.0819			 1.02108
0.998334			 1.05311			 1.04533
2.61428			 2.66367			 2.66278
3.16192			 3.37588			 3.43632
1.27697			 1.17921			 1.19007
1.23602			 1.13217			 1.15453
1.13927			 1.0692			 1.08878
0.977922			 1.00992			 1.05694
1.20983			 1.10558			 1.18168
1.18106			 1.08311			 1.16488
1.35726			 1.26706			 1.19473
1.28155			 1.18458			 1.20623
0.912115			 1.02226			 1.01626
0.962561			 0.976023			 0.988463
1.3241			 1.23293			 1.26309
1.98144			 1.87386			 1.857
2.41161			 2.42318			 2.43723
0.911135			 1.02723			 0.979115
1.35725			 1.26705			 1.22315
1.90889			 1.77838			 1.7613
1.48674			 1.36861			 1.39793
0.917953			 0.995674			 0.965076
0.939206			 0.951021			 1.0304
0.951003			 0.957082			 1.02743
3.38739			 3.71165			 3.68165
1.32304			 1.23179			 1.21202
0.880561			 1.12888			 1.04714
1.24852			 1.14612			 1.18228
1.55583			 1.41521			 1.42648
0.85405			 0.0322924			 1.04893
1.00265			 1.06066			 1.01756
3.00735			 3.15915			 3.19577
1.47051			 1.35766			 1.30604
2.09017			 2.0185			 2.04093
1.33502			 1.24458			 1.21792
1.84973			 1.70314			 1.7534
1.44773			 1.34183			 1.34698
1.03445			 1.0932			 0.994749
1.26481			 1.16496			 1.17837
1.29662			 1.20211			 1.15
1.0407			 1.0951			 1.03175
0.972543			 0.997608			 1.06172
1.21385			 1.10935			 1.10312
0.989257			 1.03513			 1.03157
1.92871			 1.80422			 1.83706
2.62377			 2.67496			 2.64723
1.48703			 1.3688			 1.38202
1.43428			 1.33209			 1.34915
2.69461			 2.75987			 2.72882
1.71277			 1.54747			 1.53025
3.39201			 3.71867			 3.73003
1.25525			 1.15384			 1.20827
2.02626			 1.93356			 1.96777
0.928735			 0.962755			 1.05186
2.23118			 2.20138			 2.20652
3.3745			 3.69202			 3.72429
2.18581			 2.14344			 2.12788
2.20583			 2.16912			 2.15361
1.0466			 1.09581			 1.07574
2.37384			 2.37773			 2.31823
1.25954			 1.15881			 1.17968
3.25535			 3.51274			 3.49324
0.881298			 1.13251			 1.04093
0.876838			 1.09889			 1.03557
0.945145			 0.951932			 1.03045
1.09006			 1.0822			 1.08007
1.90446			 1.77264			 1.74226
0.973418			 0.9996			 0.98798
1.44156			 1.33741			 1.31357
1.22129			 1.11666			 1.09798
0.894564			 1.11767			 1.04044
0.873151			 1.04533			 1.01302
1.03849			 1.09457			 1.08567
2.70342			 2.77052			 2.73994
1.17616			 1.08023			 1.08235
4.15953			 4.74079			 4.75009
1.01719			 1.0806			 1.01541
2.39608			 2.40454			 2.39772
2.12163			 2.05997			 2.04011
4.03848			 4.62454			 4.62002
1.25907			 1.15826			 1.13138
1.12714			 1.06986			 1.1294
0.877931			 1.1099			 1.03029
3.79155			 4.31561			 4.28369
2.12484			 2.06419			 2.03687
4.07126			 4.65877			 4.70577
0.863927			 0.754746			 1.0405
1.02695			 1.08913			 1.02608
1.58159			 1.43368			 1.46199
0.949669			 0.955587			 1.04395
1.23089			 1.12663			 1.1231
1.07803			 1.08769			 1.07253
1.21818			 1.11355			 1.10228
2.32487			 2.31812			 2.30222
1.13237			 1.06932			 1.11831
1.49511			 1.3742			 1.3164
1.74057			 1.57632			 1.61235
2.10015			 2.03169			 2.01201
1.10647			 1.07527			 1.03981
0.909392			 1.03639			 1.04705
0.905428			 1.05834			 0.97596
1.03779			 1.09437			 1.02769
1.9973			 1.89496			 1.90479
0.898054			 1.10002			 1.0107
1.50272			 1.37927			 1.33006
3.12467			 3.32246			 3.34479
1.34052			 1.2503			 1.21322
0.919526			 0.989514			 1.02509
2.28923			 2.27416			 2.28848
1.26878			 1.1696			 1.14825
2.24195			 2.21499			 2.18398
1.72618			 1.56119			 1.61596
2.70975			 2.7782			 2.7912
2.65527			 2.71256			 2.75857
1.23421			 1.13019			 1.1682
0.907717			 1.0455			 1.00059
2.41184			 2.42346			 2.40561
1.3132			 1.22094			 1.19997
0.944189			 0.951467			 1.01881
3.25204			 3.50783			 3.49422
2.88911			 3.00239			 3.04263
1.03732			 1.09423			 1.07064
3.30021			 3.57973			 3.59788
0.993601			 1.04406			 1.01349
0.947537			 0.953579			 1.05953
1.24089			 1.13754			 1.13854
1.26793			 1.16861			 1.19161
1.51204			 1.38547			 1.39113
3.09506			 3.28053			 3.32348
1.42963			 1.32864			 1.32694
0.97271			 0.997988			 0.988969
1.02652			 1.08884			 1.00215
1.00276			 1.06085			 0.984695
1.32931			 1.23854			 1.1935
1.45367			 1.34603			 1.33667
2.44708			 2.46554			 2.41434
1.35854			 1.2683			 1.26906
1.29666			 1.20216			 1.20813
1.39388			 1.30027			 1.31428
2.16075			 2.11105			 2.07111
1.49812			 1.37621			 1.40274
3.41688			 3.75662			 3.766
2.09169			 2.02051			 2.02922
3.03852			 3.20178			 3.27393
1.2043			 1.10061			 1.11924
1.12871			 1.06966			 1.09317
2.11917			 2.05673			 2.06178
1.57008			 1.4253			 1.44293
2.26677			 2.24617			 2.1661
1.76035			 1.59781			 1.59034
1.41744			 1.31936			 1.24835
1.47942			 1.3637			 1.32508
2.5885			 2.63307			 2.61102
0.950422			 0.95641			 1.04205
0.891064			 1.13187			 1.0248
0.907831			 1.04487			 1.03107
1.47389			 1.35996			 1.30745
1.14595			 1.06973			 1.12466
1.39189			 1.29858			 1.26256
1.5955			 1.44408			 1.46573
1.66019			 1.49744			 1.5214
1.50662			 1.38186			 1.38356
2.79807			 2.88678			 2.91728
0.909758			 1.03444			 1.02612
0.880264			 1.12723			 0.996881
3.95926			 4.53438			 4.46104
0.929121			 0.961983			 1.01483
1.9985			 1.89656			 1.90334
1.06639			 1.09233			 1.05255
1.63014			 1.47156			 1.452
3.78931			 4.31248			 4.30323
1.39573			 1.30183			 1.27679
3.27445			 3.54117			 3.56965
3.56091			 3.97661			 3.90496
2.17772			 2.13302			 2.09129
1.12881			 1.06965			 1.11671
1.32197			 1.23062			 1.18501
1.04013			 1.09498			 1.04965
1.29357			 1.19858			 1.2077
2.82791			 2.92422			 2.93519
1.86229			 1.71883			 1.70646
1.27958			 1.18227			 1.21553
0.972572			 0.997673			 1.01698
1.19547			 1.09328			 1.09393
1.56233			 1.41978			 1.40496
3.05185			 3.22019			 3.20949
1.30326			 1.20973			 1.20572
0.856211			 0.24056			 1.01958
0.928596			 0.963042			 0.998609
0.947439			 0.953498			 1.02321
1.4214			 1.32241			 1.31235
1.6926			 1.52756			 1.57029
1.6461			 1.48506			 1.52893
1.64542			 1.48448			 1.47901
1.08768			 1.0833			 1.09768
1.57068			 1.42573			 1.42203
1.54709			 1.40914			 1.42714
1.25716			 1.15605			 1.18766
1.08305			 1.08543			 1.02172
1.30075			 1.20686			 1.22787
0.998534			 1.05347			 1.03956
0.943659			 0.95126			 0.988311
1.26036			 1.15976			 1.20348
2.75671			 2.83554			 2.86566
2.63363			 2.68671			 2.71108
0.872634			 1.03552			 0.985779
1.5679			 1.42374			 1.47355
2.67733			 2.73904			 2.7493
1.02055			 1.08398			 1.05601
2.23829			 2.21037			 2.21232
1.19654			 1.09412			 1.10944
1.00163			 1.05893			 1.0319
2.81715			 2.91068			 2.93778
1.04975			 1.0958			 1.09066
0.901488			 1.08088			 0.966577
1.69868			 1.53347			 1.5817
2.35266			 2.35205			 2.35282
1.17505			 1.07962			 1.13126
1.651			 1.48931			 1.48691
1.29851			 1.20429			 1.1513
3.0838			 3.26471			 3.3327
1.24867			 1.14629			 1.132
0.867666			 0.905405			 1.02124
2.09596			 2.02616			 1.95882
0.909311			 1.03682			 1.01649
2.86566			 2.97221			 3.00845
1.47723			 1.36222			 1.31625
1.20104			 1.09781			 1.09302
0.999604			 1.0554			 1.04359
0.908855			 1.03928			 0.985067
1.05738			 1.09484			 1.01962
2.89632			 3.01172			 3.02741
0.977266			 1.00841			 1.06986
1.12781			 1.06977			 1.12829
1.13083			 1.06944			 1.10537
1.08046			 1.0866			 1.07466
0.929568			 0.961123			 1.0012
2.72218			 2.7933			 2.80286
3.45564			 3.81586			 3.77247
1.44513			 1.33998			 1.28576
2.20056			 2.16238			 2.09657
3.56157			 3.97761			 3.97377
0.862438			 0.679109			 1.03762
0.927332			 0.9658			 0.988583
4.16336			 4.74398			 4.78682
0.891839			 1.12913			 0.958987
1.68436			 1.51968			 1.49979
1.92435			 1.79851			 1.77127
2.2119			 2.17687			 2.15773
1.10603			 1.07544			 1.05246
1.03813			 1.09447			 1.08758
1.34292			 1.25276			 1.20827
2.18213			 2.1387			 2.08969
1.03108			 1.09163			 1.05844
3.44756			 3.80351			 3.80147
1.70099			 1.53573			 1.54754
0.963053			 0.97701			 1.01909
0.93016			 0.960038			 1.02483
1.33282			 1.24227			 1.23585
1.4769			 1.36199			 1.37702
2.54993			 2.5874			 2.56243
0.925533			 0.970241			 1.01328
1.53347			 1.39984			 1.43
1.12571			 1.07007			 1.07043
1.81849			 1.66496			 1.73551
0.883709			 1.13995			 1.04761
1.12698			 1.06988			 1.07679
2.21018			 2.17468			 2.14122
2.95842			 3.09333			 3.10617
1.14584			 1.06972			 1.13129
3.62597			 4.0749			 4.06778
1.29178			 1.19651			 1.17701
1.41167			 1.31483			 1.27733
1.1325			 1.06931			 1.10402
3.18538			 3.40987			 3.41715
1.77301			 1.61194			 1.63131
1.02629			 1.08868			 1.01943
1.88232			 1.74419			 1.78888
2.27071			 2.2511			 2.17237
2.37973			 2.38485			 2.39069
0.878413			 1.11414			 1.01984
1.06568			 1.09257			 1.09227
1.90675			 1.7756			 1.83147
0.853846			 0.0108895			 1.02757
1.52934			 1.39705			 1.37275
2.0218			 1.92761			 1.94097
0.940226			 0.950828			 1.00081
2.33789			 2.33404			 2.26182
1.24347			 1.14042			 1.17187
0.932532			 0.956328			 1.05979
1.03116			 1.09167			 1.06962
1.31906			 1.22743			 1.2386
1.44709			 1.34138			 1.33849
1.49157			 1.37184			 1.34356
1.363			 1.27258			 1.27749
0.903572			 1.06894			 0.966214
1.06162			 1.09382			 1.01676
1.26704			 1.16757			 1.15258
1.15974			 1.07291			 1.14395
2.14256			 2.08737			 2.02604
1.6942			 1.5291			 1.58358
1.90454			 1.77274			 1.74166
0.950292			 0.956264			 0.977745
1.90778			 1.77694			 1.798
3.5209			 3.91564			 3.87748
0.865514			 0.825089			 1.00498
4.15857			 4.73998			 4.79993
1.00847			 1.06968			 1.04825
2.30469			 2.29328			 2.2674
1.04973			 1.0958			 1.00061
1.07666			 1.08829			 1.02286
1.1791			 1.08193			 1.0658
0.885493			 1.14169			 1.00822
1.42936			 1.32844			 1.31923
1.60525			 1.45158			 1.46679
1.21987			 1.11524			 1.09619
0.958969			 0.969182			 1.05231
0.859758			 0.516608			 0.971648
1.61275			 1.45747			 1.48483
3.99335			 4.57438			 4.52493
1.04632			 1.0958			 1.06117
1.24282			 1.13968			 1.16399
0.998896			 1.05413			 1.05752
1.98285			 1.87573			 1.87771
0.855081			 0.13581			 0.994048
0.963499			 0.977913			 1.03516
1.1548			 1.07145			 1.11731
0.885334			 1.14165			 1.01626
1.81048			 1.65539			 1.71989
1.26523			 1.16544			 1.16706
0.896319			 1.10912			 0.968109
1.3021			 1.20841			 1.20827
1.0096			 1.07128			 1.07903
3.10534			 3.29504			 3.27282
1.02548			 1.08809			 1.00696
1.03927			 1.09478			 1.0307
0.919896			 0.988129			 1.00039
0.912769			 1.01901			 1.0308
2.28312			 2.26657			 2.26301
3.80696			 4.33699			 4.30851
1.32018			 1.22866			 1.22395
2.14771			 2.09409			 2.03417
0.986946			 1.03018			 0.978348
2.36227			 2.36372			 2.31977
0.970225			 0.992378			 1.06031
1.25669			 1.15551			 1.15583
0.902792			 1.07342			 0.989636
0.873057			 1.04358			 0.964519
2.27406			 2.25528			 2.19855
1.22812			 1.1237			 1.18425
0.95239			 0.958817			 1.01816
2.40475			 2.41496			 2.39381
2.77386			 2.8567			 2.91239
2.47078			 2.49371			 2.50857
1.08402			 1.08498			 1.04533
2.19005			 2.1489			 2.13558
1.32288			 1.2316			 1.26014
2.18036			 2.13642			 2.10148
1.82247			 1.66975			 1.70398
2.96138			 3.09726			 3.1053
1.05741			 1.09483			 1.00964
1.92003			 1.79287			 1.84613
2.2496			 2.22464			 2.16607
1.04848			 1.09584			 1.00886
2.40373			 2.41373			 2.37263
1.15919			 1.07273			 1.12274
2.55496			 2.59335			 2.58262
2.67408			 2.73513			 2.72573
1.35643			 1.26625			 1.24657
1.52552			 1.39448			 1.43482
2.43063			 2.44592			 2.40991
3.69782			 4.18146			 4.10926
0.880165			 1.12665			 0.97988
2.09838			 2.02935			 1.96155
0.952475			 0.958929			 1.05569
2.98657			 3.13103			 3.12855
4.0685			 4.65597			 4.69231
1.47475			 1.36054			 1.29128
0.919025			 0.991426			 1.02786
0.948929			 0.954836			 0.989024
1.44536			 1.34014			 1.28335
1.18089			 1.08301			 1.12599
0.919978			 0.987826			 0.966367
1.16011			 1.07303			 1.09231
1.25929			 1.15852			 1.20001
0.859941			 0.52886			 1.02433
0.878504			 1.1149			 1.02413
1.06284			 1.09347			 1.06798
2.40621			 2.41671			 2.36094
2.2544			 2.23068			 2.21356
1.02311			 1.08623			 1.06411
3.94057			 4.51171			 4.50733
1.09825			 1.07856			 1.05538
0.92746			 0.965507			 0.984013
0.876853			 1.09904			 1.01742
3.39512			 3.72342			 3.69163
2.80525			 2.89575			 2.88831
1.0808			 1.08645			 1.04777
0.979375			 1.01324			 1.02342
1.71914			 1.55394			 1.56289
1.03518			 1.09349			 1.06833
1.64604			 1.48501			 1.51765
1.39056			 1.29745			 1.24622
2.70111			 2.76773			 2.74374
1.80932			 1.654			 1.67194
2.25743			 2.23448			 2.23985
2.79913			 2.88811			 2.88969
1.43066			 1.32941			 1.32752
3.28437			 3.556			 3.55338
3.61514			 4.05863			 4.01223
1.66046			 1.49768			 1.47363
1.39646			 1.30245			 1.29353
0.984684			 1.02521			 0.994864
2.66269			 2.72146			 2.70114
0.925346			 0.970738			 1.05022
3.49152			 3.87076			 3.80018
1.10012			 1.07777			 1.03263
2.12485			 2.0642			 2.04103
1.27687			 1.17909			 1.21028
1.79751			 1.64009			 1.63511
1.35892			 1.26867			 1.25779
1.53365			 1.39996			 1.40013
1.15022			 1.07042			 1.13386
1.43598			 1.33335			 1.33673
1.74901			 1.5854			 1.64786
1.64057			 1.48032			 1.52048
0.889894			 1.13547			 1.02007
1.04957			 1.09581			 1.01481
1.05321			 1.09552			 1.03862
3.20623			 3.44029			 3.48473
3.36177			 3.67268			 3.64348
0.951581			 0.957783			 1.06547
2.30741			 2.29664			 2.24435
1.28495			 1.18856			 1.16074
1.03946			 1.09482			 1.01252
3.35229			 3.6583			 3.62556
0.991361			 1.03952			 0.983746
3.82743			 4.36504			 4.366
1.65802			 1.4955			 1.46912
1.22084			 1.1162			 1.12205
1.18542			 1.08594			 1.14986
0.903286			 1.07058			 1.01361
1.35614			 1.26597			 1.24187
1.76481			 1.60275			 1.6046
3.24495			 3.49732			 3.50692
2.6253			 2.67679			 2.6797
1.93661			 1.81457			 1.84308
0.910912			 1.02838			 0.976117
1.02439			 1.08727			 1.00758
1.98598			 1.8799			 1.84493
3.13626			 3.33901			 3.38839
3.22156			 3.4628			 3.46298
3.07865			 3.25749			 3.31134
1.10367			 1.07634			 1.08736
3.13612			 3.3388			 3.40682
1.84145			 1.6929			 1.68002
1.86481			 1.722			 1.75438
3.39984			 3.7306			 3.69474
0.968461			 0.988463			 1.04081
1.20157			 1.09826			 1.13596
1.60816			 1.45385			 1.4871
1.46726			 1.35545			 1.31832
2.39312			 2.40098			 2.41647
0.862748			 0.695646			 0.956374
1.73465			 1.57005			 1.5945
0.991334			 1.03947			 1.06809
1.05019			 1.09578			 1.00932
1.54118			 1.40508			 1.38332
3.93959			 4.51052			 4.44025
1.69388			 1.52879			 1.50942
1.70438			 1.53908			 1.56536
0.942647			 0.950965			 0.969191
1.14998			 1.07037			 1.1278
1.1148			 1.07252			 1.06535
1.46018			 1.35057			 1.30585
1.10159			 1.07717			 1.03093
1.50727			 1.38229			 1.38934
0.950923			 0.956988			 1.03641
3.24212			 3.49314			 3.54322
0.871711			 1.01639			 0.963537
1.77182			 1.61059			 1.62278
1.49083			 1.37134			 1.33268
0.893264			 1.12346			 1.03534
1.11262			 1.07317			 1.10351
1.20361			 1.10001			 1.164
0.995053			 1.04691			 1.01715
0.990503			 1.03775			 0.992011
2.31775			 2.30938			 2.26232
1.53972			 1.40409			 1.43883
1.65462			 1.49249			 1.55982
1.17409			 1.07911			 1.15556
1.62057			 1.46373			 1.4311
0.947647			 0.95367			 1.05544
1.019			 1.08248			 1.03575
1.47081			 1.35787			 1.37922
1.33236			 1.24178			 1.24189
1.06979			 1.0911			 1.02606
0.946821			 0.953016			 0.973779
1.56077			 1.41867			 1.45448
0.870741			 0.993995			 0.998588
1.21224			 1.10782			 1.18391
1.12466			 1.07024			 1.12627
1.67436			 1.51032			 1.51555
3.17818			 3.39941			 3.43546
2.92752			 3.05246			 3.10102
2.45549			 2.47555			 2.46882
3.37297			 3.6897			 3.72802
1.3972			 1.30306			 1.31488
2.53977			 2.57539			 2.52024
0.875294			 1.07973			 0.965529
1.89821			 1.76457			 1.74727
1.63444			 1.47515			 1.50136
1.41529			 1.31768			 1.27992
3.38206			 3.70353			 3.71481
2.16749			 2.11979			 2.09399
2.79595			 2.88414			 2.85484
1.03846			 1.09457			 1.04599
1.02588			 1.08839			 1.02565
4.02164			 4.60622			 4.61752
1.34566			 1.25555			 1.24837
3.76236			 4.27455			 4.18335
2.099			 2.03016			 2.0118
2.31712			 2.3086			 2.31789
1.87775			 1.73836			 1.78279
3.67006			 4.14061			 4.06005
1.45843			 1.34936			 1.35558
3.68304			 4.15976			 4.16752
2.7298			 2.80258			 2.80128
2.92018			 3.04282			 3.10389
1.63443			 1.47514			 1.54049
3.91089			 4.47475			 4.47479
1.37107			 1.28013			 1.24413
1.29583			 1.20121			 1.16109
0.892677			 1.12589			 1.05245
1.53012			 1.39758			 1.3769
1.59665			 1.44495			 1.41591
1.67631			 1.51213			 1.54861
1.07802			 1.08769			 1.10186
3.48305			 3.8578			 3.84996
1.02448			 1.08733			 1.0154
1.18591			 1.08627			 1.16045
1.83822			 1.68892			 1.72897
1.17286			 1.07846			 1.11176
1.70931			 1.544			 1.59304
1.05101			 1.09573			 1.02049
1.34348			 1.25333			 1.21328
1.20143			 1.09814			 1.1221
0.998353			 1.05314			 1.00093
1.20224			 1.09883			 1.13444
1.77658			 1.61597			 1.66393
1.2689			 1.16974			 1.20259
0.864932			 0.80046			 1.02262
1.39052			 1.29741			 1.22765
1.64053			 1.48029			 1.50519
0.903281			 1.07061			 0.961029
2.39361			 2.40157			 2.36224
1.22924			 1.12488			 1.15088
4.07444			 4.662			 4.70536
1.21789			 1.11326			 1.16294
1.75069			 1.58722			 1.61017
0.904933			 1.06116			 0.983962
1.97692			 1.86786			 1.88355
1.89869			 1.76519			 1.7794
1.34396			 1.25383			 1.1946
1.75772			 1.59491			 1.59014
1.30711			 1.2141			 1.15259
1.48272			 1.36592			 1.37927
3.6396			 4.09531			 4.07676
2.54308			 2.5793			 2.58961
0.899599			 1.09154			 0.982041
1.56436			 1.42122			 1.38303
0.86028			 0.551103			 0.988456
1.00808			 1.06913			 1.0495
1.60242			 1.44938			 1.50381
1.59509			 1.44376			 1.48568
1.50484			 1.38068			 1.38316
3.5863			 4.01512			 3.93977
1.18683			 1.0869			 1.10753
1.15249			 1.07089			 1.05275
1.29337			 1.19836			 1.1947
1.02791			 1.08977			 1.01279
1.64943			 1.48794			 1.51994
1.36361			 1.27315			 1.2285
0.925406			 0.970578			 0.981733
1.48331			 1.36631			 1.37386
1.76693			 1.60511			 1.65593
1.14105			 1.06928			 1.12693
0.902566			 1.07471			 1.00633
1.22044			 1.1158			 1.16202
1.58109			 1.4333			 1.46267
1.29539			 1.20069			 1.16746
3.75959			 4.27061			 4.2641
4.04655			 4.63315			 4.60037
1.35081			 1.26072			 1.18647
1.55367			 1.4137			 1.3807
1.71994			 1.55476			 1.59944
1.97047			 1.85929			 1.82548
1.28927			 1.1936			 1.14712
1.25705			 1.15592			 1.19078
1.12685			 1.0699			 1.09079
1.36118			 1.27084			 1.24091
1.23526			 1.13133			 1.14459
0.858714			 0.44309			 0.994767
1.72487			 1.55983			 1.57769
0.912817			 1.01878			 1.03569
2.61138			 2.66023			 2.63644
1.82328			 1.67073			 1.69371
1.35572			 1.26556			 1.21626
2.13968			 2.08361			 2.08909
1.60196			 1.44902			 1.42872
2.28363			 2.26721			 2.26084
2.76004			 2.83965			 2.81309
2.1477			 2.09407			 2.11582
0.86846			 0.931019			 1.00578
1.15018			 1.07041			 1.09573
1.29092			 1.19552			 1.22656
2.18383			 2.1409			 2.13955
1.63069			 1.47202			 1.50462
2.21144			 2.17629			 2.14457
1.99228			 1.88828			 1.86508
2.40646			 2.41701			 2.42574
2.60199			 2.64907			 2.65158
3.82054			 4.35565			 4.34497
0.950218			 0.956181			 1.00389
2.36218			 2.36361			 2.29612
0.926147			 0.968657			 0.984079
1.10326			 1.0765			 1.11737
1.10721			 1.075			 1.10323
1.15424			 1.07131			 1.09043
1.17813			 1.08136			 1.11379
1.69785			 1.53266			 1.51152
0.943503			 0.951205			 1.03469
1.55602			 1.41534			 1.42588
2.34833			 2.34678			 2.30879
1.64204			 1.48158			 1.5248
1.00663			 1.06698			 1.0725
1.23442			 1.13042			 1.16859
2.03424			 1.94419			 1.93178
1.08132			 1.08622			 1.0825
0.874353			 1.06582			 0.979053
1.35049			 1.2604			 1.25072
0.965253			 0.981547			 0.981441
1.24776			 1.14526			 1.20315
1.00333			 1.06179			 1.07635
1.5761			 1.42966			 1.43117
1.98163			 1.87411			 1.84112
1.40475			 1.30928			 1.29481
1.80582			 1.64986			 1.6369
1.21726			 1.11265			 1.14378
1.62109			 1.46415			 1.4643
0.9305			 0.959445			 1.05107
0.887161			 1.1409			 1.03627
3.43779			 3.78857			 3.7654
0.858981			 0.462491			 0.967464
2.15757			 2.10692			 2.06964
1.74498			 1.58105			 1.57303
2.14169			 2.08624			 2.07591
1.11002			 1.07402			 1.04161
3.92904			 4.4975			 4.48139
1.20178			 1.09844			 1.17681
1.2864			 1.19025			 1.23662
1.39698			 1.30288			 1.31661
1.27291			 1.17444			 1.1977
1.19211			 1.0907			 1.07724
1.88659			 1.74964			 1.7561
1.35515			 1.265			 1.24803
1.22614			 1.12162			 1.09926
1.86206			 1.71854			 1.69369
1.18935			 1.08867			 1.08679
3.54115			 3.94654			 3.91182
1.79253			 1.63429			 1.69749
1.3349			 1.24445			 1.23302
1.05362			 1.09547			 1.05285
1.22995			 1.12563			 1.19735
1.29683			 1.20235			 1.16578
1.17852			 1.08158			 1.08691
2.54647			 2.5833			 2.59933
1.40493			 1.30942			 1.28221
1.0422			 1.09538			 1.08886
1.00776			 1.06865			 1.03167
0.936562			 0.952259			 1.06367
3.26181			 3.52234			 3.53598
2.91845			 3.04056			 3.0264
0.989685			 1.03604			 1.01054
1.34309			 1.25294			 1.2499
1.15873			 1.07258			 1.07738
1.50722			 1.38226			 1.32962
1.71909			 1.55389			 1.55366
1.5811			 1.43331			 1.42919
1.37793			 1.28638			 1.3035
1.44029			 1.33649			 1.32815
2.90807			 3.027			 3.00312
0.951576			 0.957778			 1.02098
1.50932			 1.38366			 1.3562
2.01285			 1.91567			 1.86961
1.03872			 1.09463			 1.05322
1.73395			 1.56931			 1.56221
3.14632			 3.35343			 3.40786
2.85266			 2.9556			 2.9584
1.43407			 1.33194			 1.26293
0.868245			 0.924284			 1.01619
1.1917			 1.09039			 1.16338
0.923158			 0.977044			 1.05631
0.972207			 0.996846			 0.97859
1.95526			 1.83915			 1.80692
1.54056			 1.40466			 1.42814
0.95367			 0.960571			 1.03121
2.80296			 2.89288			 2.89831
0.933609			 0.954972			 1.01244
1.66849			 1.50493			 1.49989
0.966447			 0.984084			 1.06139
1.13415			 1.06923			 1.0992
0.899341			 1.09297			 1.01438
0.94583			 0.952335			 1.02733
0.904425			 1.06406			 0.960263
0.920139			 0.987236			 0.991887
2.75943			 2.8389			 2.8504
1.45349			 1.3459			 1.32022
0.936831			 0.952084			 1.02863
0.87899			 1.11875			 1.019
2.07038			 1.99227			 1.95767
0.869499			 0.961609			 1.04327
1.48381			 1.36665			 1.32258
1.20854			 1.10439			 1.17271
1.07286			 1.08989			 1.061
0.89293			 1.12486			 0.966883
3.47321			 3.84274			 3.77446
0.895992			 1.11076			 1.04455
2.29523			 2.2816			 2.24661
1.19034			 1.08939			 1.15835
1.02433			 1.08722			 1.00459
0.9361			 0.952589			 1.021
1.7713			 1.61001			 1.62533
0.976818			 1.00739			 1.02105
1.10653			 1.07525			 1.10574
0.93243			 0.956468			 1.01936
1.0132			 1.076			 0.989401
1.07224			 1.09014			 1.06319
3.45421			 3.81368			 3.80799
3.75656			 4.26631			 4.20824
0.984623			 1.02508			 1.03889
1.30209			 1.2084			 1.23588
3.31129			 3.59637			 3.6243
1.26209			 1.16178			 1.15115
1.13318			 1.06927			 1.13774
1.38396			 1.29173			 1.27193
0.886699			 1.14133			 1.01142
1.5233			 1.39299			 1.35612
1.06097			 1.09399			 1.05114
2.31597			 2.30719			 2.28588
4.20398			 4.77586			 4.87598
1.38761			 1.29491			 1.25021
1.12063			 1.07103			 1.0332
3.7858			 4.30759			 4.31175
3.64049			 4.09664			 4.08839
4.11473			 4.70111			 4.75648
1.12663			 1.06993			 1.03672
0.948269			 0.954213			 1.06475
1.00515			 1.0647			 1.01816
3.02198			 3.17909			 3.17099
0.984587			 1.025			 1.0119
1.551			 1.41185			 1.39297
2.62581			 2.67739			 2.70203
1.49513			 1.37421			 1.38686
0.912441			 1.02063			 1.02479
2.76566			 2.84657			 2.85453
2.22908			 2.19872			 2.16293
1.73923			 1.5749			 1.64628
1.05147			 1.0957			 1.00807
2.25605			 2.23275			 2.2007
1.02154			 1.08488			 0.995299
3.04727			 3.21385			 3.21827
0.929554			 0.96115			 1.03402
1.78907			 1.63027			 1.70535
1.7634			 1.60119			 1.6168
2.2521			 2.22777			 2.2113
1.62484			 1.4672			 1.45597
1.91841			 1.79076			 1.79043
2.32698			 2.32071			 2.31896
2.30194			 2.28989			 2.2155
1.09848			 1.07847			 1.05991
1.01968			 1.08315			 1.00425
1.68104			 1.51655			 1.51527
0.903595			 1.06881			 0.988744
1.63462			 1.4753			 1.45407
2.93601			 3.06363			 3.08506
1.21853			 1.1139			 1.1286
1.46534			 1.35413			 1.32636
1.49424			 1.37362			 1.38046
1.07252			 1.09003			 1.01083
1.19825			 1.0955			 1.14156
1.13293			 1.06929			 1.09359
0.872236			 1.02753			 1.01084
0.877927			 1.10987			 1.01598
1.20856			 1.10441			 1.13302
3.58473			 4.01275			 3.9605
0.932402			 0.956506			 1.0419
1.17632			 1.08032			 1.10505
2.74273			 2.81838			 2.79947
4.1183			 4.70443			 4.76838
1.06285			 1.09347			 1.09447
3.73897			 4.24115			 4.19817
1.67782			 1.51353			 1.5079
1.33072			 1.24004			 1.1835
2.75002			 2.82733			 2.85328
1.19602			 1.09371			 1.17047
0.95343			 0.960231			 1.04794
0.942421			 0.950918			 1.0182
1.01137			 1.07367			 1.0679
1.15427			 1.07132			 1.07048
4.03434			 4.62008			 4.65732
1.13421			 1.06922			 1.06782
1.42004			 1.32137			 1.28014
1.2168			 1.1122			 1.12938
1.28844			 1.19263			 1.18114
1.44692			 1.34125			 1.28456
0.909004			 1.03847			 1.04087
0.92394			 0.974687			 0.977087
2.39388			 2.4019			 2.37581
0.907435			 1.04707			 0.958931
1.03035			 1.09123			 1.02814
1.14519			 1.06964			 1.08402
1.75844			 1.5957			 1.62472
0.909337			 1.03669			 1.0089
2.39133			 2.39883			 2.38522
1.04701			 1.09582			 1.00022
0.863911			 0.753969			 0.978777
2.30898			 2.29858			 2.27422
1.66049			 1.4977			 1.47622
2.8009			 2.89031			 2.8918
2.6485			 2.70447			 2.65607
2.29658			 2.28326			 2.24734
0.984321			 1.02441			 1.06291
2.31413			 2.30492			 2.22685
2.445			 2.46306			 2.42587
1.12709			 1.06987			 1.04619
1.49497			 1.37411			 1.32462
1.10682			 1.07514			 1.04583
1.38756			 1.29487			 1.27117
0.879178			 1.12015			 0.987021
0.8681			 0.919654			 1.03319
1.91609			 1.78774			 1.74939
0.980394			 1.01557			 1.0253
1.37621			 1.28482			 1.22837
1.13375			 1.06924			 1.07634
1.02344			 1.08651			 1.01608
0.952504			 0.958967			 0.980401
0.948637			 0.954555			 0.978809
1.70858			 1.54326			 1.57738
1.34827			 1.25818			 1.21343
2.03048			 1.93918			 1.90543
4.04921			 4.63595			 4.67431
2.0024			 1.90175			 1.87119
0.985061			 1.02605			 1.05605
0.967008			 0.985292			 1.0369
0.883807			 1.14012			 1.02619
1.12327			 1.07049			 1.13414
1.23036			 1.12607			 1.16894
3.83539			 4.37584			 4.3775
4.15783			 4.73936			 4.79774
0.946833			 0.953025			 1.04896
1.12048			 1.07106			 1.0988
1.40569			 1.31004			 1.25236
0.894188			 1.1194			 1.04837
1.593			 1.44218			 1.48299
1.90594			 1.77456			 1.75816
2.60693			 2.65493			 2.65
1.01655			 1.07992			 1.01626
2.96931			 3.10786			 3.17461
1.22891			 1.12453			 1.10081
3.03922			 3.20276			 3.20168
1.07145			 1.09046			 1.07944
0.932856			 0.9559			 1.0604
3.29221			 3.56773			 3.57764
1.21367			 1.10917			 1.13935
0.873207			 1.04635			 1.01628
0.921084			 0.983862			 1.01019
0.973894			 1.00069			 1.03883
0.923607			 0.975677			 0.998701
0.89946			 1.09231			 0.980808
2.36089			 2.36205			 2.32286
3.2564			 3.5143			 3.48776
1.17946			 1.08214			 1.15445
2.23706			 2.20882			 2.18837
2.3445			 2.34211			 2.29573
1.35776			 1.26754			 1.2132
0.884236			 1.14077			 1.03614
1.88949			 1.75336			 1.77482
1.95183			 1.83462			 1.88536
1.95175			 1.83451			 1.80145
3.39063			 3.71657			 3.6661
1.30246			 1.20882			 1.21472
1.57598			 1.42957			 1.404
0.916537			 1.0016			 0.985652
1.59385			 1.44283			 1.47834
2.38593			 2.39233			 2.33056
1.12635			 1.06997			 1.13493
1.41273			 1.31567			 1.28281
2.67221			 2.73289			 2.76528
1.8756			 1.73564			 1.77691
2.00036			 1.89904			 1.88009
2.58206			 2.62543			 2.58228
2.15925			 2.10911			 2.051
1.31404			 1.22188			 1.25627
1.00538			 1.06507			 1.01571
0.932361			 0.956563			 0.975632
1.01807			 1.08154			 1.0069
1.05731			 1.09485			 1.04264
1.12764			 1.06979			 1.04248
1.58636			 1.4372			 1.46241
1.04752			 1.09583			 1.05214
1.2152			 1.11065			 1.16511
2.11236			 2.04779			 2.00004
3.05503			 3.2246			 3.22109
3.20491			 3.43837			 3.44177
3.39695			 3.7262			 3.69757
2.61437			 2.66378			 2.66158
3.28028			 3.54987			 3.56557
2.31336			 2.30398			 2.25485
1.72836			 1.56346			 1.6354
0.952578			 0.959066			 1.01755
1.04562			 1.09576			 1.00172
0.867471			 0.898803			 1.00783
1.07482			 1.08907			 1.10562
0.958496			 0.968336			 1.05139
3.60477			 4.04303			 3.999
1.12153			 1.07084			 1.1277
1.63389			 1.47469			 1.4867
2.54062			 2.57639			 2.60938
1.09064			 1.08194			 1.11574
3.20478			 3.43817			 3.46661
1.11266			 1.07316			 1.07742
1.34366			 1.25352			 1.23696
1.0934			 1.08069			 1.09185
3.67108			 4.14211			 4.10913
2.71628			 2.78612			 2.76165
2.45511			 2.47509			 2.40819
1.15792			 1.07233			 1.15286
2.60197			 2.64904			 2.61301
0.923639			 0.975581			 1.05516
0.858345			 0.415655			 1.03103
1.54283			 1.40621			 1.40185
1.23391			 1.12987			 1.19502
2.64156			 2.69618			 2.72326
1.39701			 1.30291			 1.30842
1.8248			 1.67257			 1.64661
0.977953			 1.00999			 1.03971
1.67482			 1.51075			 1.53511
0.887727			 1.14016			 1.00318
0.908457			 1.04145			 1.03124
1.1616			 1.07355			 1.10044
3.00008			 3.14928			 3.21944
0.934497			 0.954003			 1.06062
1.70264			 1.53736			 1.59814
2.27855			 2.26088			 2.25369
1.8248			 1.67257			 1.72919
1.7028			 1.53752			 1.59329
4.12396			 4.70962			 4.78326
3.62139			 4.06803			 3.99472
1.49524			 1.37429			 1.37982
1.31932			 1.22771			 1.2324
1.13593			 1.06917			 1.06647
0.927516			 0.965379			 0.963944
2.21981			 2.18695			 2.14605
0.96331			 0.977531			 1.05862
2.73167			 2.80486			 2.77975
1.35761			 1.2674			 1.25433
2.36938			 2.37233			 2.3867
4.07867			 4.66624			 4.70589
0.856737			 0.286357			 0.960069
1.75882			 1.59611			 1.63796
2.16874			 2.1214			 2.13692
0.886828			 1.14122			 0.963931
0.923503			 0.975989			 0.971983
1.40066			 1.30594			 1.30482
3.60425			 4.04223			 4.01152
1.34432			 1.25419			 1.21958
1.74083			 1.57661			 1.63811
1.53813			 1.403			 1.36899
1.76293			 1.60066			 1.602
1.44332			 1.33867			 1.28047
2.82083			 2.91531			 2.92799
3.94002			 4.51105			 4.4924
1.46084			 1.35102			 1.30914
0.885916			 1.1417			 1.03134
1.75111			 1.58767			 1.58889
1.2927			 1.19758			 1.19532
0.86016			 0.543327			 1.00104
1.0049			 1.06432			 1.01762
1.17767			 1.08109			 1.138
0.993802			 1.04446			 1.05476
0.936139			 0.95256			 1.00049
1.37032			 1.27944			 1.28755
0.873738			 1.05571			 0.973198
2.64024			 2.6946			 2.7417
1.24673			 1.14409			 1.18384
3.75864			 4.26928			 4.19301
2.22646			 2.1954			 2.12346
3.39559			 3.72413			 3.71288
1.1133			 1.07296			 1.07977
1.07945			 1.08706			 1.01932
2.25852			 2.23585			 2.22559
1.30112			 1.20728			 1.1984
2.57844			 2.62115			 2.63814
1.34324			 1.25309			 1.21275
0.956125			 0.964309			 1.0101
2.22652			 2.19547			 2.12976
1.24589			 1.14314			 1.1207
1.16862			 1.07641			 1.15063
1.59798			 1.44597			 1.42554
2.03127			 1.94023			 1.94355
1.89417			 1.75936			 1.81333
1.02141			 1.08476			 1.00086
0.871308			 1.00738			 1.00325
1.32226			 1.23093			 1.18788
1.32867			 1.23785			 1.19766
0.886772			 1.14127			 0.999877
1.32562			 1.23458			 1.25536
0.96529			 0.981625			 1.06033
0.891466			 1.13048			 0.973211
2.8565			 2.9605			 3.0008
1.44589			 1.34052			 1.32624
0.878702			 1.11651			 1.01608
0.878336			 1.11349			 0.988849
1.25352			 1.15185			 1.14128
1.37109			 1.28015			 1.28171
2.64989			 2.70613			 2.70315
1.01501			 1.07817			 1.01774
1.75161			 1.58822			 1.59935
2.04818			 1.96276			 1.91821
1.14855			 1.07012			 1.09291
1.64986			 1.48832			 1.5355
0.884417			 1.14099			 0.977277
2.01359			 1.91666			 1.93666
3.66611			 4.13475			 4.07561
1.30296			 1.20938			 1.21385
0.978951			 1.01227			 1.0177
3.34219			 3.64301			 3.63226
1.96691			 1.85457			 1.83601
2.7493			 2.82644			 2.78854
2.86189			 2.96738			 2.9811
3.87421			 4.42751			 4.42568
1.29886			 1.20469			 1.17227
1.04501			 1.09571			 1.05912
1.25434			 1.15279			 1.19176
0.914421			 1.0111			 1.0468
3.83731			 4.37843			 4.31931
1.78826			 1.62934			 1.66897
0.911195			 1.02692			 1.01183
0.858208			 0.405229			 1.02569
0.962317			 0.975539			 0.982387
0.961824			 0.974566			 1.02258
1.12784			 1.06977			 1.03701
1.51384			 1.38667			 1.38132
3.41503			 3.75379			 3.71362
2.30216			 2.29016			 2.27695
0.992096			 1.04103			 1.03546
1.63533			 1.4759			 1.49379
1.06177			 1.09377			 1.09461
0.860081			 0.538113			 1.04813
2.35917			 2.35996			 2.37212
1.08791			 1.08319			 1.05636
4.17227			 4.75129			 4.7786
1.20082			 1.09762			 1.12859
2.52232			 2.55474			 2.56383
2.34469			 2.34234			 2.36236
4.162			 4.74285			 4.79873
1.58131			 1.43346			 1.41384
2.53951			 2.57507			 2.58626
0.950636			 0.956653			 1.06611
1.93422			 1.81144			 1.8224
1.61291			 1.4576			 1.48898
1.09468			 1.08012			 1.0885
0.871275			 1.00665			 0.956462
1.03661			 1.094			 1.07895
1.36257			 1.27217			 1.25555
1.12725			 1.06984			 1.06507
1.12984			 1.06954			 1.10445
1.09437			 1.08025			 1.07089
1.07828			 1.08758			 1.05837
2.15171			 2.0993			 2.08368
0.955759			 0.963723			 1.04109
1.02672			 1.08898			 1.00229
1.15945			 1.07282			 1.07792
2.24089			 2.21366			 2.20341
1.49634			 1.37502			 1.35187
3.14946			 3.35793			 3.37268
2.43685			 2.45334			 2.38994
1.38041			 1.28859			 1.26527
0.948475			 0.954403			 1.06504
2.23351			 2.20433			 2.15651
1.42443			 1.32473			 1.25445
0.942615			 0.950958			 0.982841
1.08616			 1.084			 1.11518
2.79402			 2.88174			 2.86742
2.53515			 2.56992			 2.56209
1.20843			 1.10429			 1.08674
1.25347			 1.15178			 1.1284
1.13089			 1.06944			 1.12268
0.970155			 0.992222			 1.04677
4.15115			 4.73369			 4.78236
1.40479			 1.30931			 1.25197
0.893888			 1.12075			 0.989751
1.17201			 1.07803			 1.12117
3.93634			 4.50652			 4.45629
1.54771			 1.40957			 1.35857
4.143			 4.72663			 4.75315
1.02886			 1.09037			 1.05178
3.19042			 3.4172			 3.42947
4.00375			 4.58623			 4.56371
1.45484			 1.34685			 1.31486
1.0944			 1.08024			 1.05882
1.41006			 1.31355			 1.254
2.07937			 2.0042			 2.02325
3.05446			 3.22381			 3.28843
1.03307			 1.0926			 1.04387
1.01455			 1.07763			 1.0187
0.959999			 0.971072			 1.03978
1.37715			 1.28567			 1.22512
0.96127			 0.973486			 0.979807
0.868303			 0.926117			 1.04788
1.62799			 1.46979			 1.49387
3.52078			 3.91547			 3.897
1.17285			 1.07846			 1.13348
2.49422			 2.52149			 2.51238
1.73898			 1.57463			 1.60721
0.903067			 1.07184			 0.966834
1.13333			 1.06926			 1.04263
1.65695			 1.49455			 1.47017
1.0817			 1.08604			 1.10668
Testing loss 0.0263359
Testing accuracy 0.930169
