Training Loss
0.693146
0.693142
0.693135
0.69313
0.693124
0.693118
0.693112
0.693106
0.6931
0.693095
0.693089
0.693083
0.693077
0.693071
0.693065
0.693059
0.693054
0.693048
0.693042
0.693036
0.69303
0.693024
0.693018
0.693013
0.693007
0.693
0.692995
0.692989
0.692983
0.692978
0.692972
0.692966
0.69296
0.692954
0.692948
0.692942
0.692936
0.692931
0.692925
0.692919
0.692913
0.692907
0.692901
0.692895
0.692889
0.692884
0.692878
0.692872
0.692866
0.69286
0.692855
0.692849
0.692842
0.692837
0.692831
0.692825
0.692819
0.692813
0.692808
0.692802
0.692796
0.69279
0.692784
0.692779
0.692772
0.692767
0.692761
0.692755
0.692749
0.692744
0.692738
0.692732
0.692726
0.69272
0.692714
0.692708
0.692703
0.692696
0.692691
0.692685
0.692679
0.692673
0.692667
0.692661
0.692656
0.69265
0.692644
0.692638
0.692632
0.692626
0.692621
0.692614
0.692609
0.692603
0.692597
0.692591
0.692586
0.692579
0.692574
0.692568
0.692562
0.692556
0.69255
0.692544
0.692539
0.692533
0.692527
0.692521
0.692515
0.692509
0.692504
0.692498
0.692492
0.692486
0.69248
0.692474
0.692468
0.692463
0.692457
0.692451
0.692445
0.692439
0.692433
0.692428
0.692422
0.692416
0.69241
0.692405
0.692399
0.692393
0.692387
0.692381
0.692375
0.692369
0.692364
0.692358
0.692352
0.692346
0.69234
0.692334
0.692328
0.692323
0.692316
0.692311
0.692305
0.6923
0.692293
0.692288
0.692282
0.692276
0.69227
0.692264
0.692258
0.692253
0.692247
0.692241
0.692235
0.692229
0.692223
0.692218
0.692212
0.692206
0.6922
0.692194
0.692189
0.692182
0.692177
0.692171
0.692165
0.692159
0.692153
0.692147
0.692142
0.692135
0.69213
0.692124
0.692119
0.692112
0.692107
0.692101
0.692095
0.692089
0.692083
0.692077
0.692072
0.692066
0.69206
0.692054
0.692048
0.692043
0.692037
0.692031
0.692025
0.692019
0.692013
0.692007
0.692001
0.691996
0.69199
0.691984
0.691978
0.691973
0.691967
0.691961
0.691955
0.691949
0.691944
0.691937
0.691932
0.691926
0.69192
0.691914
0.691908
0.691903
0.691896
0.691891
0.691885
0.691879
0.691873
0.691868
0.691862
0.691856
0.69185
0.691844
0.691838
0.691833
0.691827
0.691821
0.691815
0.691809
0.691804
0.691797
0.691792
0.691786
0.69178
0.691774
0.691768
0.691763
0.691757
0.691751
0.691745
0.691739
0.691733
0.691728
0.691722
0.691716
0.69171
0.691704
0.691698
0.691693
0.691687
0.691681
0.691675
0.691669
0.691663
0.691658
0.691652
0.691646
0.69164
0.691634
0.691628
0.691623
0.691617
0.691611
0.691605
0.691599
0.691594
0.691588
0.691582
0.691576
0.691571
0.691565
0.691559
0.691553
0.691547
0.691541
0.691535
0.69153
0.691524
0.691518
0.691512
0.691506
0.691501
0.691495
0.691489
0.691483
0.691477
0.691471
0.691466
0.69146
0.691454
0.691448
0.691443
0.691437
0.69143
0.691425
0.691419
0.691413
0.691407
0.691402
0.691396
0.69139
0.691384
0.691378
0.691372
0.691367
0.691361
0.691355
0.691349
0.691343
0.691337
0.691332
0.691326
0.69132
0.691314
0.691308
0.691303
0.691297
0.691291
0.691285
0.691279
0.691274
0.691268
0.691262
0.691256
0.69125
0.691245
0.691239
0.691233
0.691227
0.691221
0.691216
0.69121
0.691204
0.691198
0.691192
0.691186
0.691181
0.691174
0.691169
0.691163
0.691157
0.691152
0.691146
0.69114
0.691134
0.691128
0.691122
0.691116
0.691111
0.691105
0.691099
0.691093
0.691087
0.691081
0.691076
0.69107
0.691064
0.691059
0.691053
0.691047
0.691041
0.691035
0.691029
0.691024
0.691018
0.691012
0.691006
0.691
0.690995
0.690989
0.690983
0.690977
0.690972
0.690965
0.690959
0.690954
0.690948
0.690942
0.690936
0.690931
0.690925
0.690919
0.690913
0.690908
0.690901
0.690896
0.69089
0.690884
0.690878
0.690872
0.690867
0.690861
0.690855
0.690849
0.690844
0.690838
0.690832
0.690826
0.69082
0.690815
0.690809
0.690803
0.690797
0.690791
0.690786
0.690779
0.690774
0.690768
0.690762
0.690757
0.69075
0.690745
0.690739
0.690733
0.690727
0.690722
0.690716
0.69071
0.690704
0.690699
0.690692
0.690686
0.690681
0.690675
0.69067
0.690663
0.690658
0.690652
0.690646
0.69064
0.690635
0.690629
0.690623
0.690617
0.690611
0.690605
0.6906
0.690594
0.690588
0.690582
0.690577
0.690571
0.690565
0.690559
0.690553
0.690547
0.690542
0.690536
0.69053
0.690524
0.690518
0.690513
0.690507
0.690501
0.690495
0.69049
0.690484
0.690478
0.690472
0.690466
0.69046
0.690455
0.690449
0.690443
0.690438
0.690432
0.690426
0.69042
0.690414
0.690408
0.690403
0.690397
0.690391
0.690385
0.690379
0.690374
0.690368
0.690362
0.690356
0.69035
0.690344
0.690339
0.690333
0.690327
0.690322
0.690316
0.69031
0.690304
0.690298
0.690292
0.690287
0.690281
0.690275
0.690269
0.690263
0.690258
0.690252
0.690246
0.69024
0.690235
0.690229
0.690223
0.690217
0.690212
0.690206
0.6902
0.690194
0.690188
0.690182
0.690176
0.690171
0.690165
0.690159
0.690154
0.690148
0.690142
0.690136
0.69013
0.690124
0.690119
0.690113
0.690107
0.690101
0.690095
0.690089
0.690084
0.690078
0.690072
0.690066
0.690061
0.690055
0.690049
0.690043
0.690038
0.690032
0.690026
0.69002
0.690014
0.690009
0.690003
0.689997
0.689991
0.689985
0.68998
0.689974
0.689968
0.689962
0.689956
0.68995
0.689945
0.689939
0.689933
0.689928
0.689922
0.689916
0.68991
0.689904
0.689899
0.689893
0.689887
0.689881
0.689875
0.68987
0.689864
0.689858
0.689852
0.689847
0.689841
0.689835
0.689829
0.689823
0.689818
0.689812
0.689806
0.6898
0.689794
0.689789
0.689783
0.689777
0.689771
0.689766
0.68976
0.689754
0.689748
0.689742
0.689737
0.689731
0.689725
0.689719
0.689713
0.689708
0.689702
0.689696
0.68969
0.689685
0.689679
0.689673
0.689667
0.689662
0.689656
0.68965
0.689644
0.689638
0.689633
0.689627
0.689621
0.689615
0.689609
0.689603
0.689598
0.689592
0.689586
0.68958
0.689575
0.689569
0.689563
0.689557
0.689552
0.689546
0.68954
0.689534
0.689529
0.689523
0.689517
0.689511
0.689505
0.6895
0.689494
0.689488
0.689482
0.689476
0.689471
0.689465
0.689459
0.689453
0.689448
0.689442
0.689436
0.68943
0.689425
0.689419
0.689413
0.689407
0.689401
0.689395
0.68939
0.689384
0.689378
0.689373
0.689367
0.689361
0.689355
0.689349
0.689343
0.689338
0.689332
0.689326
0.689321
0.689315
0.689309
0.689303
0.689297
0.689292
0.689286
0.68928
0.689274
0.689268
0.689263
0.689257
0.689251
0.689245
0.68924
0.689234
0.689228
0.689222
0.689217
0.689211
0.689205
0.689199
0.689194
0.689188
0.689182
0.689176
0.68917
0.689165
0.689159
0.689153
0.689147
0.689142
0.689136
0.68913
0.689124
0.689118
0.689113
0.689107
0.689101
0.689095
0.68909
0.689084
0.689078
0.689073
0.689067
0.689061
0.689055
0.689049
0.689044
0.689038
0.689032
0.689026
0.68902
0.689015
0.689009
0.689003
0.688997
0.688992
0.688986
0.68898
0.688974
0.688969
0.688963
0.688957
0.688952
0.688945
0.68894
0.688934
0.688928
0.688922
0.688916
0.688911
0.688905
0.6889
0.688893
0.688888
0.688882
0.688876
0.68887
0.688865
0.688859
0.688853
0.688848
0.688842
0.688836
0.68883
0.688825
0.688819
0.688813
0.688807
0.688802
0.688796
0.68879
0.688784
0.688779
0.688772
0.688767
0.688761
0.688755
0.688749
0.688744
0.688738
0.688732
0.688726
0.688721
0.688715
0.688709
0.688703
0.688697
0.688692
0.688686
0.688681
0.688675
0.688669
0.688663
0.688657
0.688652
0.688646
0.68864
0.688634
0.688629
0.688623
0.688617
0.688611
0.688605
0.6886
0.688594
0.688588
0.688582
0.688577
0.688571
0.688565
0.68856
0.688553
0.688548
0.688542
0.688536
0.688531
0.688525
0.688519
0.688513
0.688507
0.688502
0.688496
0.68849
0.688485
0.688479
0.688473
0.688467
0.688461
0.688456
0.68845
0.688444
0.688439
0.688433
0.688427
0.688421
0.688415
0.68841
0.688404
0.688398
0.688393
0.688387
0.688381
0.688375
0.688369
0.688364
0.688358
0.688352
0.688347
0.688341
0.688335
0.688329
0.688324
0.688318
0.688312
0.688306
0.688301
0.688294
0.688289
0.688283
0.688277
0.688272
0.688266
0.68826
0.688254
0.688249
0.688243
0.688237
0.688231
0.688226
0.68822
0.688214
0.688209
0.688203
0.688197
0.688191
0.688185
0.68818
0.688174
0.688168
0.688162
0.688157
0.688151
0.688145
0.688139
0.688134
0.688128
0.688122
0.688116
0.688111
0.688105
0.688099
0.688093
0.688088
0.688082
0.688076
0.68807
0.688065
0.688059
0.688053
0.688047
0.688042
0.688036
0.68803
0.688025
0.688019
0.688013
0.688007
0.688001
0.687995
0.68799
0.687984
0.687979
0.687973
0.687967
0.687961
0.687955
0.68795
0.687944
0.687938
0.687933
0.687927
0.687921
0.687915
0.68791
0.687904
0.687898
0.687892
0.687887
0.687881
0.687875
0.687869
0.687864
0.687858
0.687852
0.687846
0.687841
0.687835
0.687829
0.687823
0.687818
0.687812
0.687806
0.6878
0.687795
0.687789
0.687783
0.687777
0.687772
0.687766
0.68776
0.687754
0.687749
0.687743
0.687738
0.687732
0.687726
0.68772
0.687715
0.687708
0.687703
0.687697
0.687691
0.687686
0.68768
0.687674
0.687668
0.687663
0.687657
0.687651
0.687645
0.68764
0.687634
0.687629
0.687622
0.687617
0.687611
0.687605
0.6876
0.687594
0.687588
0.687583
0.687576
0.687571
0.687565
0.687559
0.687553
0.687548
0.687542
0.687536
0.687531
0.687525
0.687519
0.687514
0.687508
0.687502
0.687496
0.687491
0.687485
0.687479
0.687473
0.687468
0.687462
0.687456
0.68745
0.687445
0.687439
0.687433
0.687428
0.687422
0.687416
0.68741
0.687404
0.687399
0.687393
0.687387
0.687382
0.687376
0.68737
0.687365
0.687359
0.687353
0.687347
0.687342
0.687336
0.68733
0.687324
0.687318
0.687313
0.687307
0.687301
0.687296
0.68729
0.687284
0.687279
0.687273
0.687267
0.687261
0.687256
0.68725
0.687244
0.687238
0.687232
0.687227
0.687221
0.687215
0.68721
0.687204
0.687198
0.687193
0.687187
0.687181
0.687175
0.68717
0.687164
0.687158
0.687152
0.687147
0.687141
0.687135
0.68713
0.687124
0.687118
0.687112
0.687106
0.687101
0.687095
0.687089
0.687084
0.687078
0.687072
0.687067
0.687061
0.687055
0.687049
0.687044
0.687038
0.687032
0.687027
0.687021
0.687015
0.687009
0.687003
0.686998
0.686992
0.686986
0.686981
0.686975
0.686969
0.686963
0.686958
0.686952
0.686946
0.686941
0.686935
0.686929
0.686924
0.686918
0.686912
0.686906
0.686901
0.686895
0.686889
0.686883
0.686877
0.686872
0.686866
0.68686
0.686855
0.68685
0.686843
0.686837
0.686832
0.686826
0.68682
0.686815
0.686809
0.686803
0.686797
0.686792
0.686786
0.686781
0.686775
0.686769
0.686763
0.686758
0.686752
0.686746
0.68674
0.686735
0.686729
0.686723
0.686718
0.686712
0.686706
0.6867
0.686694
0.686689
0.686683
0.686677
0.686672
0.686666
0.68666
0.686655
0.686649
0.686643
0.686637
0.686632
0.686626
0.686621
0.686615
0.686609
0.686603
0.686597
0.686592
0.686586
0.68658
0.686575
0.686569
0.686563
0.686557
0.686552
0.686546
0.68654
0.686535
0.686529
0.686523
0.686517
0.686512
0.686506
0.6865
0.686495
0.686489
0.686483
0.686477
0.686472
0.686466
0.68646
0.686455
0.686449
0.686443
0.686438
0.686432
0.686426
0.68642
0.686415
0.686409
0.686403
0.686397
0.686392
0.686386
0.68638
0.686374
0.686369
0.686363
0.686357
0.686352
0.686346
0.68634
0.686335
0.686329
0.686323
0.686317
0.686312
0.686306
0.6863
0.686294
0.686289
0.686283
0.686278
0.686272
0.686266
0.686261
0.686255
0.686249
0.686243
0.686237
0.686232
0.686226
0.686221
0.686215
0.686209
0.686203
0.686198
0.686192
0.686186
0.686181
0.686175
0.686169
0.686163
0.686158
0.686152
0.686146
0.68614
0.686135
0.686129
0.686124
0.686118
0.686112
0.686106
0.6861
0.686095
0.686089
0.686083
0.686078
0.686072
0.686066
0.686061
0.686055
0.686049
0.686044
0.686038
0.686032
0.686026
0.686021
0.686015
0.686009
0.686004
0.685998
0.685992
0.685987
0.685981
0.685975
0.685969
0.685964
0.685958
0.685952
0.685947
0.685941
0.685935
0.685929
0.685924
0.685918
0.685912
0.685907
0.685901
0.685895
0.68589
0.685884
0.685878
0.685872
0.685867
0.685861
0.685855
0.68585
0.685844
0.685838
0.685833
0.685827
0.685821
0.685815
0.68581
0.685804
0.685799
0.685793
0.685787
0.685781
0.685776
0.68577
0.685764
0.685758
0.685753
0.685747
0.685741
0.685736
0.68573
0.685724
0.685719
0.685713
0.685707
0.685701
0.685696
0.68569
0.685684
0.685679
0.685673
0.685667
0.685662
0.685656
0.68565
0.685645
0.685639
0.685633
0.685628
0.685622
0.685616
0.685611
0.685605
0.685599
0.685593
0.685587
0.685582
0.685576
0.685571
0.685565
0.685559
0.685554
0.685548
0.685542
0.685536
0.685531
0.685525
0.685519
0.685514
0.685508
0.685502
0.685497
0.685491
0.685485
0.68548
0.685474
0.685468
0.685462
0.685457
0.685451
0.685445
0.68544
0.685434
0.685428
0.685423
0.685417
0.685411
0.685406
0.685399
0.685394
0.685388
0.685383
0.685377
0.685371
0.685366
0.68536
0.685354
0.685348
0.685343
0.685337
0.685331
0.685326
0.68532
0.685314
0.685309
0.685303
0.685297
0.685292
0.685286
0.68528
0.685275
0.685269
0.685263
0.685258
0.685252
0.685246
0.685241
0.685235
0.685229
0.685224
0.685218
0.685212
0.685206
0.685201
0.685195
0.685189
0.685184
0.685178
0.685172
0.685167
0.685161
0.685155
0.68515
0.685144
0.685138
0.685133
0.685127
0.685121
0.685115
0.68511
0.685104
0.685098
0.685092
0.685087
0.685081
0.685075
0.68507
0.685064
0.685058
0.685053
0.685047
0.685042
0.685036
0.68503
0.685025
0.685019
0.685013
0.685007
0.685002
0.684996
0.684991
0.684985
0.684979
0.684973
0.684967
0.684962
0.684956
0.684951
0.684945
0.684939
0.684934
0.684928
0.684922
0.684917
0.684911
0.684905
0.6849
0.684894
0.684889
0.684883
0.684877
0.684871
0.684865
0.68486
0.684854
0.684848
0.684843
0.684837
0.684831
0.684826
0.68482
0.684814
0.684809
0.684803
0.684797
0.684792
0.684786
0.684781
0.684775
0.684769
0.684763
0.684757
0.684752
0.684746
0.684741
0.684735
0.68473
0.684724
0.684718
0.684712
0.684707
0.684701
0.684695
0.68469
0.684684
0.684678
0.684673
0.684667
0.684661
0.684656
0.68465
0.684644
0.684639
0.684633
0.684627
0.684621
0.684616
0.68461
0.684604
0.684599
0.684593
0.684587
0.684582
0.684576
0.68457
0.684565
0.684559
0.684553
0.684548
0.684542
0.684536
0.684531
0.684525
0.684519
0.684513
0.684508
0.684502
0.684497
0.684491
0.684485
0.68448
0.684474
0.684468
0.684463
0.684457
0.684451
0.684446
0.68444
0.684434
0.684429
0.684423
0.684417
0.684412
0.684406
0.6844
0.684395
0.684389
0.684383
0.684378
0.684372
0.684366
0.684361
0.684355
0.684349
0.684344
0.684338
0.684332
0.684326
0.684321
0.684315
0.68431
0.684304
0.684298
0.684292
0.684287
0.684281
0.684276
0.68427
0.684264
0.684258
0.684253
0.684247
0.684242
0.684236
0.68423
0.684225
0.684219
0.684213
0.684207
0.684202
0.684196
0.68419
0.684185
0.684179
0.684174
0.684168
0.684162
0.684157
0.684151
0.684145
0.684139
0.684134
0.684128
0.684123
0.684117
0.684111
0.684105
0.6841
0.684094
0.684089
0.684083
0.684077
0.684072
0.684066
0.68406
0.684054
0.684049
0.684043
0.684038
0.684032
0.684026
0.684021
0.684015
0.684009
0.684004
0.683998
0.683992
0.683987
0.683981
0.683975
0.68397
0.683964
0.683958
0.683953
0.683947
0.683942
0.683936
0.68393
0.683925
0.683919
0.683913
0.683907
0.683902
0.683896
0.683891
0.683885
0.683879
0.683874
0.683868
0.683862
0.683856
0.683851
0.683845
0.68384
0.683834
0.683828
0.683823
0.683817
0.683811
0.683805
0.6838
0.683794
0.683789
0.683783
0.683777
0.683772
0.683766
0.68376
0.683755
0.683749
0.683743
0.683738
0.683732
0.683726
0.683721
0.683715
0.68371
0.683704
0.683698
0.683693
0.683687
0.683681
0.683676
0.68367
0.683664
0.683659
0.683653
0.683647
0.683641
0.683636
0.68363
0.683625
0.683619
0.683613
0.683608
0.683602
0.683597
0.683591
0.683585
0.68358
0.683574
0.683568
0.683563
0.683557
0.683551
0.683546
0.68354
0.683534
0.683529
0.683523
0.683517
0.683512
0.683506
0.6835
0.683495
0.683489
0.683483
0.683478
0.683472
0.683467
0.683461
0.683455
0.68345
0.683444
0.683438
0.683433
0.683427
0.683421
0.683416
0.68341
0.683404
0.683399
0.683393
0.683387
0.683382
0.683376
0.68337
0.683365
0.683359
0.683354
0.683348
0.683342
0.683337
0.683331
0.683326
0.68332
0.683314
0.683309
0.683303
0.683297
0.683292
0.683286
0.68328
0.683275
0.683269
0.683263
0.683257
0.683252
0.683246
0.683241
0.683235
0.683229
0.683224
0.683218
0.683212
0.683207
0.683201
0.683195
0.68319
0.683184
0.683179
0.683173
0.683167
0.683162
0.683156
0.683151
0.683145
0.683139
0.683134
0.683128
0.683122
0.683117
0.683111
0.683105
0.683099
0.683094
0.683088
0.683083
0.683077
0.683071
0.683066
0.68306
0.683054
0.683049
0.683043
0.683038
0.683032
0.683026
0.683021
0.683015
0.683009
0.683004
0.682998
0.682992
0.682987
0.682981
0.682976
0.68297
0.682964
0.682959
0.682953
0.682947
0.682942
0.682936
0.68293
0.682925
0.682919
0.682913
0.682908
0.682902
0.682897
0.682891
0.682885
0.68288
0.682874
0.682868
0.682863
0.682857
0.682852
0.682846
0.68284
0.682835
0.682829
0.682823
0.682818
0.682812
0.682806
0.682801
0.682795
0.68279
0.682784
0.682778
0.682772
0.682767
0.682761
0.682756
0.68275
0.682744
0.682739
0.682733
0.682727
0.682722
0.682716
0.682711
0.682705
0.682699
0.682694
0.682688
0.682683
0.682677
0.682671
0.682666
0.68266
0.682654
0.682649
0.682643
0.682637
0.682632
0.682626
0.682621
0.682615
0.682609
0.682604
0.682598
0.682592
0.682587
0.682581
0.682575
0.68257
0.682564
0.682559
0.682553
0.682548
0.682542
0.682536
0.682531
0.682525
0.682519
0.682514
0.682508
0.682503
0.682497
0.682491
0.682485
0.68248
0.682474
0.682469
0.682463
0.682457
0.682452
0.682446
0.682441
0.682435
0.682429
0.682423
0.682418
0.682413
0.682407
0.682401
0.682395
0.68239
0.682384
0.682379
0.682373
0.682367
0.682362
0.682356
0.682351
0.682345
0.682339
0.682333
0.682328
0.682322
0.682317
0.682311
0.682305
0.6823
0.682294
0.682288
0.682283
0.682277
0.682272
0.682266
0.68226
0.682255
0.682249
0.682244
0.682238
0.682232
0.682227
0.682221
0.682215
0.68221
0.682204
0.682198
0.682193
0.682187
0.682181
0.682176
0.682171
0.682165
0.682159
0.682153
0.682148
0.682142
0.682137
0.682131
0.682126
0.68212
0.682114
0.682109
0.682103
0.682097
0.682092
0.682086
0.682081
0.682075
0.68207
0.682064
0.682058
0.682052
0.682047
0.682041
0.682036
0.68203
0.682024
0.682019
0.682014
0.682007
0.682002
0.681996
0.681991
0.681985
0.681979
0.681974
0.681968
0.681963
0.681957
0.681951
0.681946
0.68194
0.681935
0.681929
0.681923
0.681918
0.681912
0.681906
0.681901
0.681895
0.68189
0.681884
0.681878
0.681873
0.681867
0.681862
0.681856
0.68185
0.681845
0.681839
0.681833
0.681828
0.681822
0.681816
0.681811
0.681805
0.6818
0.681794
0.681789
0.681783
0.681777
0.681772
0.681766
0.68176
0.681755
0.681749
0.681743
0.681738
0.681732
0.681727
0.681721
0.681716
0.68171
0.681704
0.681699
0.681693
0.681688
0.681682
0.681676
0.681671
0.681665
0.681659
0.681654
0.681648
0.681643
0.681637
0.681632
0.681626
0.68162
0.681615
0.681609
0.681603
0.681598
0.681592
0.681587
0.681581
0.681575
0.68157
0.681564
0.681558
0.681553
0.681547
0.681542
0.681536
0.68153
0.681525
0.681519
0.681514
0.681508
0.681503
0.681497
0.681491
0.681486
0.68148
0.681474
0.681469
0.681463
0.681457
0.681452
0.681446
0.681441
0.681435
0.68143
0.681424
0.681418
0.681413
0.681407
0.681402
0.681396
0.68139
0.681385
0.681379
0.681374
0.681368
0.681362
0.681357
0.681351
0.681346
0.68134
0.681334
0.681329
0.681323
0.681317
0.681312
0.681306
0.681301
0.681295
0.681289
0.681284
0.681278
0.681273
0.681267
0.681261
0.681256
0.68125
0.681245
0.681239
0.681233
0.681228
0.681222
0.681217
0.681211
0.681205
0.6812
0.681194
0.681189
0.681183
0.681177
0.681172
0.681166
0.681161
0.681155
0.681149
0.681144
0.681138
0.681133
0.681127
0.681122
0.681116
0.68111
0.681105
0.681099
0.681093
0.681088
0.681082
0.681077
0.681071
0.681065
0.68106
0.681054
0.681049
0.681043
0.681037
0.681032
0.681026
0.68102
0.681015
0.681009
0.681004
0.680998
0.680993
0.680987
0.680982
0.680976
0.680971
0.680965
0.680959
0.680953
0.680948
0.680942
0.680937
0.680931
0.680926
0.68092
0.680914
0.680909
0.680903
0.680898
0.680892
0.680886
0.680881
0.680875
0.68087
0.680864
0.680858
0.680853
0.680847
0.680841
0.680836
0.68083
0.680825
0.68082
0.680814
0.680808
0.680802
0.680797
0.680791
0.680786
0.68078
0.680775
0.680769
0.680763
0.680758
0.680752
0.680746
0.680741
0.680735
0.68073
0.680724
0.680719
0.680713
0.680707
0.680702
0.680696
0.680691
0.680685
0.68068
0.680674
0.680668
0.680662
0.680657
0.680652
0.680646
0.680641
0.680635
0.680629
0.680624
0.680618
0.680612
0.680607
0.680601
0.680596
0.68059
0.680585
0.680579
0.680573
0.680568
0.680562
0.680557
0.680551
0.680545
0.68054
0.680534
0.680529
0.680523
0.680517
0.680512
0.680506
0.680501
0.680495
0.68049
0.680484
0.680478
0.680472
0.680467
0.680461
0.680456
0.68045
0.680445
0.680439
0.680434
0.680428
0.680422
0.680417
0.680411
0.680406
0.6804
0.680395
0.680389
0.680383
0.680378
0.680372
0.680367
0.680361
0.680355
0.68035
0.680344
0.680339
0.680333
0.680328
0.680322
0.680316
0.680311
0.680305
0.6803
0.680294
0.680289
0.680283
0.680277
0.680272
0.680266
0.680261
0.680255
0.680249
0.680244
0.680238
0.680233
0.680227
0.680222
0.680216
0.680211
0.680205
0.680199
0.680194
0.680188
0.680183
0.680177
0.680171
0.680166
0.68016
0.680155
0.680149
0.680143
0.680138
0.680133
0.680127
0.680121
0.680115
0.68011
0.680105
0.680099
0.680093
0.680088
0.680082
0.680077
0.680071
0.680065
0.68006
0.680054
0.680049
0.680043
0.680037
0.680032
0.680026
0.680021
0.680015
0.68001
0.680004
0.679998
0.679993
0.679988
0.679982
0.679976
0.679971
0.679965
0.67996
0.679954
0.679948
0.679942
0.679937
0.679932
0.679926
0.67992
0.679915
0.679909
0.679904
0.679898
0.679892
0.679887
0.679881
0.679876
0.67987
0.679865
0.679859
0.679854
0.679848
0.679842
0.679837
0.679831
0.679826
0.67982
0.679814
0.679809
0.679803
0.679798
0.679792
0.679787
0.679781
0.679776
0.67977
0.679764
0.679759
0.679753
0.679748
0.679742
0.679736
0.679731
0.679726
0.67972
0.679714
0.679709
0.679703
0.679698
0.679692
0.679686
0.679681
0.679676
0.67967
0.679664
0.679659
0.679653
0.679647
0.679642
0.679636
0.679631
0.679625
0.67962
0.679614
0.679609
0.679603
0.679598
0.679592
0.679586
0.679581
0.679575
0.679569
0.679564
0.679558
0.679553
0.679547
0.679542
0.679536
0.679531
0.679525
0.67952
0.679514
0.679508
0.679503
0.679497
0.679492
0.679486
0.679481
0.679475
0.679469
0.679464
0.679458
0.679453
0.679447
0.679442
0.679436
0.67943
0.679425
0.679419
0.679414
0.679408
0.679403
0.679397
0.679392
0.679386
0.67938
0.679375
0.679369
0.679363
0.679358
0.679353
0.679347
0.679342
0.679336
0.67933
0.679325
0.679319
0.679314
0.679308
0.679303
0.679297
0.679291
0.679286
0.67928
0.679275
0.679269
0.679264
0.679258
0.679252
0.679247
0.679241
0.679236
0.67923
0.679225
0.679219
0.679214
0.679208
0.679202
0.679197
0.679191
0.679186
0.67918
0.679175
0.679169
0.679163
0.679158
0.679153
0.679147
0.679141
0.679136
0.67913
0.679125
0.679119
0.679114
0.679108
0.679102
0.679097
0.679091
0.679086
0.67908
0.679075
0.679069
0.679064
0.679058
0.679052
0.679047
0.679041
0.679036
0.67903
0.679025
0.679019
0.679014
0.679008
0.679002
0.678997
0.678992
0.678986
0.67898
0.678975
0.678969
0.678964
0.678958
0.678953
0.678947
0.678942
0.678936
0.67893
0.678925
0.67892
0.678914
0.678908
0.678902
0.678897
0.678891
0.678886
0.678881
0.678875
0.678869
0.678864
0.678858
0.678853
0.678847
0.678842
0.678836
0.67883
0.678825
0.678819
0.678814
0.678808
0.678803
0.678797
0.678792
0.678786
0.678781
0.678775
0.678769
0.678764
0.678758
0.678753
0.678747
0.678741
0.678736
0.67873
0.678725
0.67872
0.678714
0.678708
0.678703
0.678697
0.678692
0.678686
0.678681
0.678675
0.678669
0.678664
0.678659
0.678653
0.678647
0.678642
0.678636
0.678631
0.678625
0.67862
0.678614
0.678608
0.678603
0.678597
0.678592
0.678587
0.678581
0.678575
0.67857
0.678564
0.678559
0.678553
0.678548
0.678542
0.678536
0.678531
0.678525
0.67852
0.678515
0.678509
0.678503
0.678498
0.678492
0.678487
0.678481
0.678476
0.67847
0.678464
0.678459
0.678453
0.678448
0.678442
0.678437
0.678431
0.678426
0.67842
0.678414
0.678409
0.678403
0.678398
0.678392
0.678387
0.678381
0.678376
0.67837
0.678365
0.678359
0.678353
0.678348
0.678342
0.678337
0.678331
0.678326
0.67832
0.678315
0.678309
0.678304
0.678298
0.678293
0.678287
0.678282
0.678276
0.678271
0.678265
0.678259
0.678254
0.678248
0.678243
0.678237
0.678232
0.678226
0.67822
0.678215
0.67821
0.678204
0.678198
0.678193
0.678187
0.678182
0.678176
0.678171
0.678165
0.67816
0.678154
0.678149
0.678143
0.678137
0.678132
0.678127
0.678121
0.678116
0.67811
0.678104
0.678099
0.678094
0.678088
0.678082
0.678077
0.678071
0.678066
0.67806
0.678055
0.678049
0.678044
0.678038
0.678032
0.678027
0.678021
0.678016
0.67801
0.678005
0.677999
0.677994
0.677988
0.677983
0.677977
0.677972
0.677966
0.677961
0.677955
0.677949
0.677944
0.677939
0.677933
0.677928
0.677922
0.677916
0.677911
0.677905
0.6779
0.677894
0.677889
0.677883
0.677877
0.677872
0.677866
0.677861
0.677856
0.67785
0.677844
0.677839
0.677833
0.677828
0.677822
0.677817
0.677811
0.677806
0.6778
0.677795
0.677789
0.677783
0.677778
0.677773
0.677767
0.677762
0.677756
0.677751
0.677745
0.67774
0.677734
0.677728
0.677723
0.677717
0.677712
0.677706
0.677701
0.677695
0.677689
0.677684
0.677678
0.677673
0.677668
0.677662
0.677657
0.677651
0.677646
0.67764
0.677634
0.677629
0.677623
0.677618
0.677612
0.677607
0.677601
0.677596
0.67759
0.677585
0.677579
0.677574
0.677568
0.677562
0.677557
0.677552
0.677546
0.67754
0.677535
0.677529
0.677524
0.677518
0.677513
0.677508
0.677502
0.677496
0.677491
0.677485
0.67748
0.677474
0.677468
0.677463
0.677458
0.677452
0.677447
0.677441
0.677435
0.67743
0.677425
0.677419
0.677414
0.677408
0.677402
0.677397
0.677391
0.677386
0.67738
0.677375
0.677369
0.677364
0.677358
0.677353
0.677347
0.677342
0.677337
0.677331
0.677325
0.67732
0.677314
0.677309
0.677303
0.677298
0.677292
0.677287
0.677281
0.677276
0.67727
0.677264
0.677259
0.677253
0.677248
0.677242
0.677237
0.677231
0.677226
0.677221
0.677215
0.677209
0.677204
0.677198
0.677193
0.677187
0.677182
0.677176
0.677171
0.677165
0.67716
0.677154
0.677149
0.677143
0.677138
0.677132
0.677127
0.677121
0.677116
0.67711
0.677104
0.677099
0.677094
0.677088
0.677082
0.677077
0.677072
0.677066
0.677061
0.677055
0.67705
0.677044
0.677039
0.677033
0.677028
0.677022
0.677016
0.677011
0.677006
0.677
0.676994
0.676989
0.676983
0.676978
0.676972
0.676967
0.676961
0.676956
0.67695
0.676945
0.676939
0.676934
0.676928
0.676923
0.676917
0.676912
0.676906
0.676901
0.676895
0.67689
0.676884
0.676879
0.676873
0.676868
0.676862
0.676857
0.676851
0.676846
0.67684
0.676834
0.676829
0.676823
0.676818
0.676813
0.676807
0.676802
0.676796
0.676791
0.676785
0.67678
0.676774
0.676769
0.676763
0.676758
0.676752
0.676747
0.676741
0.676736
0.67673
0.676724
0.676719
0.676713
0.676708
0.676702
0.676697
0.676692
0.676686
0.67668
0.676675
0.676669
0.676664
0.676658
0.676653
0.676647
0.676642
0.676637
0.676631
0.676625
0.67662
0.676614
0.676609
0.676603
0.676598
0.676592
0.676586
0.676581
0.676576
0.676571
0.676565
0.676559
0.676554
0.676548
0.676543
0.676538
0.676532
0.676526
0.676521
0.676515
0.67651
0.676504
0.676499
0.676493
0.676488
0.676482
0.676476
0.676471
0.676466
0.676461
0.676455
0.676449
0.676444
0.676438
0.676433
0.676427
0.676422
0.676416
0.676411
0.676405
0.6764
0.676394
0.676389
0.676383
0.676378
0.676372
0.676367
0.676361
0.676356
0.67635
0.676345
0.676339
0.676334
0.676328
0.676323
0.676318
0.676312
0.676306
0.676301
0.676295
0.67629
0.676284
0.676279
0.676274
0.676268
0.676263
0.676257
0.676251
0.676246
0.676241
0.676235
0.676229
0.676224
0.676218
0.676213
0.676207
0.676202
0.676196
0.676191
0.676186
0.67618
0.676174
0.676169
0.676164
0.676158
0.676153
0.676147
0.676141
0.676136
0.676131
0.676125
0.67612
0.676114
0.676108
0.676103
0.676097
0.676092
0.676086
0.676081
0.676076
0.67607
0.676065
0.676059
0.676054
0.676048
0.676042
0.676037
0.676032
0.676026
0.676021
0.676015
0.67601
0.676004
0.675999
0.675993
0.675988
0.675982
0.675977
0.675971
0.675966
0.67596
0.675955
0.675949
0.675944
0.675938
0.675933
0.675928
0.675922
0.675917
0.675911
0.675905
0.6759
0.675895
0.675889
0.675884
0.675878
0.675872
0.675867
0.675861
0.675856
0.675851
0.675845
0.67584
0.675834
0.675828
0.675823
0.675818
0.675812
0.675807
0.675802
0.675796
0.67579
0.675785
0.675779
0.675774
0.675768
0.675763
0.675757
0.675752
0.675746
0.675741
0.675735
0.67573
0.675724
0.675719
0.675714
0.675708
0.675703
0.675697
0.675691
0.675686
0.675681
0.675675
0.675669
0.675664
0.675659
0.675653
0.675648
0.675642
0.675636
0.675631
0.675626
0.67562
0.675615
0.675609
0.675604
0.675599
0.675593
0.675588
0.675582
0.675576
0.675571
0.675566
0.67556
0.675554
0.675549
0.675544
0.675538
0.675532
0.675527
0.675521
0.675516
0.675511
0.675505
0.675499
0.675494
0.675489
0.675483
0.675478
0.675472
0.675467
0.675461
0.675456
0.675451
0.675445
0.67544
0.675434
0.675429
0.675423
0.675418
0.675412
0.675407
0.675401
0.675396
0.67539
0.675385
0.675379
0.675374
0.675368
0.675363
0.675357
0.675352
0.675346
0.675341
0.675335
0.67533
0.675325
0.675319
0.675313
0.675308
0.675303
0.675297
0.675292
0.675286
0.675281
0.675275
0.67527
0.675264
0.675259
0.675254
0.675247
0.675242
0.675237
0.675231
0.675226
0.675221
0.675215
0.67521
0.675204
0.675198
0.675193
0.675188
0.675182
0.675177
0.675171
0.675166
0.67516
0.675155
0.675149
0.675144
0.675138
0.675133
0.675127
0.675122
0.675117
0.675111
0.675106
0.6751
0.675094
0.675089
0.675084
0.675078
0.675073
0.675067
0.675062
0.675056
0.675051
0.675045
0.67504
0.675034
0.675029
0.675024
0.675018
0.675012
0.675007
0.675002
0.674996
0.674991
0.674985
0.674979
0.674974
0.674969
0.674963
0.674958
0.674952
0.674947
0.674942
0.674936
0.674931
0.674925
0.674919
0.674914
0.674909
0.674903
0.674898
0.674893
0.674887
0.674881
0.674876
0.674871
0.674865
0.674859
0.674854
0.674848
0.674843
0.674838
0.674832
0.674826
0.674821
0.674816
0.67481
0.674805
0.674799
0.674794
0.674788
0.674783
0.674777
0.674772
0.674767
0.674761
0.674756
0.67475
0.674745
0.674739
0.674734
0.674728
0.674723
0.674717
0.674712
0.674706
0.674701
0.674695
0.67469
0.674685
0.674679
0.674674
0.674668
0.674663
0.674657
0.674651
0.674646
0.674641
0.674635
0.67463
0.674624
0.674619
0.674614
0.674608
0.674603
0.674597
0.674592
0.674586
0.674581
0.674575
0.67457
0.674564
0.674559
0.674553
0.674548
0.674542
0.674537
0.674532
0.674526
0.674521
0.674515
0.67451
0.674504
0.674499
0.674493
0.674488
0.674482
0.674477
0.674472
0.674466
0.674461
0.674455
0.67445
0.674444
0.674439
0.674433
0.674428
0.674423
0.674417
0.674412
0.674406
0.674401
0.674395
0.67439
0.674384
0.674379
0.674374
0.674368
0.674363
0.674357
0.674352
0.674346
0.674341
0.674335
0.67433
0.674324
0.674319
0.674313
0.674308
0.674303
0.674297
0.674292
0.674286
0.674281
0.674275
0.67427
0.674264
0.674259
0.674253
0.674248
0.674243
0.674237
0.674232
0.674226
0.674221
0.674215
0.67421
0.674204
0.674199
0.674194
0.674188
0.674182
0.674177
0.674172
0.674166
0.674161
0.674155
0.67415
0.674145
0.674139
0.674134
0.674128
0.674123
0.674117
0.674112
0.674106
0.674101
0.674095
0.67409
0.674084
0.674079
0.674074
0.674068
0.674063
0.674057
0.674052
0.674046
0.674041
0.674035
0.67403
0.674025
0.674019
0.674014
0.674008
0.674003
0.673997
0.673992
0.673986
0.673981
0.673976
0.67397
0.673964
0.673959
0.673954
0.673948
0.673943
0.673937
0.673932
0.673927
0.673921
0.673916
0.67391
0.673905
0.673899
0.673894
0.673888
0.673883
0.673877
0.673872
0.673867
0.673861
0.673856
0.67385
0.673845
0.673839
0.673834
0.673829
0.673823
0.673818
0.673812
0.673807
0.673801
0.673796
0.67379
0.673785
0.673779
0.673774
0.673769
0.673763
0.673758
0.673752
0.673747
0.673741
0.673736
0.673731
0.673725
0.67372
0.673714
0.673709
0.673703
0.673698
0.673692
0.673687
0.673682
0.673676
0.67367
0.673665
0.67366
0.673654
0.673649
0.673643
0.673638
0.673633
0.673627
0.673622
0.673616
0.673611
0.673605
0.6736
0.673594
0.673589
0.673584
0.673578
0.673573
0.673567
0.673562
0.673556
0.673551
0.673546
0.67354
0.673535
0.673529
0.673524
0.673518
0.673513
0.673507
0.673502
0.673497
0.673491
0.673486
0.67348
0.673475
0.67347
0.673464
0.673459
0.673453
0.673448
0.673442
0.673437
0.673432
0.673426
0.673421
0.673415
0.673409
0.673404
0.673399
0.673394
0.673388
0.673382
0.673377
0.673372
0.673366
0.67336
0.673355
0.67335
0.673344
0.673339
0.673334
0.673328
0.673323
0.673317
0.673312
0.673306
0.673301
0.673295
0.67329
0.673285
0.673279
0.673274
0.673268
0.673263
0.673257
0.673252
0.673247
0.673241
0.673236
0.67323
0.673225
0.673219
0.673214
0.673209
0.673203
0.673198
0.673192
0.673187
0.673181
0.673176
0.673171
0.673165
0.67316
0.673155
0.673149
0.673143
0.673138
0.673132
0.673127
0.673122
0.673116
0.673111
0.673106
0.6731
0.673095
0.673089
0.673083
0.673078
0.673073
0.673067
0.673062
0.673057
0.673051
0.673046
0.67304
0.673035
0.673029
0.673024
0.673019
0.673013
0.673008
0.673002
0.672997
0.672992
0.672986
0.67298
0.672975
0.67297
0.672964
0.672959
0.672953
0.672948
0.672943
0.672937
0.672932
0.672927
0.672921
0.672916
0.67291
0.672905
0.672899
0.672894
0.672889
0.672883
0.672877
0.672872
0.672867
0.672861
0.672856
0.67285
0.672845
0.672839
0.672834
0.672829
0.672824
0.672818
0.672813
0.672807
0.672802
0.672796
0.672791
0.672785
0.67278
0.672774
0.672769
0.672764
0.672758
0.672753
0.672747
0.672742
0.672737
0.672731
0.672726
0.67272
0.672715
0.67271
0.672704
0.672698
0.672693
0.672688
0.672682
0.672677
0.672672
0.672666
0.672661
0.672655
0.67265
0.672644
0.672639
0.672634
0.672628
0.672623
0.672617
0.672612
0.672606
0.672601
0.672596
0.67259
0.672585
0.672579
0.672574
0.672569
0.672563
0.672558
0.672552
0.672547
0.672542
0.672536
0.672531
0.672525
0.67252
0.672514
0.672509
0.672504
0.672498
0.672493
0.672488
0.672482
0.672476
0.672471
0.672466
0.67246
0.672455
0.67245
0.672444
0.672439
0.672433
0.672428
0.672422
0.672417
0.672412
0.672406
0.672401
0.672395
0.67239
0.672384
0.672379
0.672374
0.672368
0.672363
0.672357
0.672352
0.672347
0.672341
0.672336
0.67233
0.672325
0.67232
0.672314
0.672309
0.672303
0.672298
0.672293
0.672287
0.672282
0.672276
0.672271
0.672266
0.67226
0.672255
0.672249
0.672244
0.672238
0.672233
0.672228
0.672222
0.672217
0.672211
0.672206
0.672201
0.672195
0.67219
0.672184
0.672179
0.672173
0.672168
0.672163
0.672157
0.672152
0.672146
0.672141
0.672135
0.67213
0.672125
0.672119
0.672114
0.672108
0.672103
0.672098
0.672092
0.672087
0.672082
0.672076
0.672071
0.672066
0.67206
0.672054
0.672049
0.672044
0.672038
0.672033
0.672028
0.672022
0.672017
0.672011
0.672006
0.672001
0.671995
0.671989
0.671984
0.671979
0.671973
0.671968
0.671962
0.671957
0.671952
0.671946
0.671941
0.671935
0.67193
0.671925
0.671919
0.671914
0.671909
0.671903
0.671898
0.671892
0.671887
0.671881
0.671876
0.671871
0.671865
0.67186
0.671854
0.671849
0.671844
0.671838
0.671833
0.671827
0.671822
0.671817
0.671811
0.671806
0.6718
0.671795
0.67179
0.671784
0.671779
0.671774
0.671768
0.671763
0.671757
0.671752
0.671746
0.671741
0.671736
0.67173
0.671725
0.67172
0.671714
0.671709
0.671703
0.671698
0.671693
0.671687
0.671682
0.671676
0.671671
0.671665
0.67166
0.671655
0.671649
0.671644
0.671638
0.671633
0.671628
0.671622
0.671617
0.671612
0.671606
0.671601
0.671595
0.67159
0.671584
0.671579
0.671574
0.671568
0.671563
0.671558
0.671552
0.671547
0.671541
0.671536
0.671531
0.671525
0.67152
0.671515
0.671509
0.671503
0.671498
0.671493
0.671488
0.671482
0.671477
0.671471
0.671466
0.671461
0.671455
0.67145
0.671444
0.671439
0.671434
0.671428
0.671423
0.671417
0.671412
0.671406
0.671401
0.671396
0.67139
0.671385
0.671379
0.671374
0.671369
0.671363
0.671358
0.671352
0.671347
0.671342
0.671337
0.671331
0.671326
0.67132
0.671315
0.671309
0.671304
0.671299
0.671293
0.671288
0.671282
0.671277
0.671272
0.671266
0.671261
0.671256
0.67125
0.671245
0.671239
0.671234
0.671228
0.671223
0.671218
0.671213
0.671207
0.671202
0.671197
0.671191
0.671185
0.67118
0.671175
0.671169
0.671164
0.671158
0.671153
0.671148
0.671143
0.671137
0.671132
0.671126
0.671121
0.671115
0.67111
0.671105
0.671099
0.671094
0.671089
0.671083
0.671078
0.671072
0.671067
0.671062
0.671056
0.671051
0.671045
0.67104
0.671035
0.671029
0.671024
0.671018
0.671013
0.671008
0.671002
0.670997
0.670992
0.670986
0.670981
0.670975
0.67097
0.670964
0.670959
0.670954
0.670949
0.670943
0.670938
0.670932
0.670926
0.670921
0.670916
0.670911
0.670905
0.6709
0.670895
0.670889
0.670884
0.670879
0.670873
0.670868
0.670862
0.670857
0.670852
0.670846
0.670841
0.670835
0.67083
0.670825
0.670819
0.670814
0.670809
0.670803
0.670798
0.670792
0.670787
0.670782
0.670776
0.670771
0.670766
0.67076
0.670755
0.670749
0.670744
0.670739
0.670733
0.670728
0.670722
0.670717
0.670712
0.670706
0.670701
0.670696
0.67069
0.670685
0.670679
0.670674
0.670669
0.670663
0.670658
0.670653
0.670647
0.670642
0.670637
0.670631
0.670626
0.670621
0.670615
0.67061
0.670604
0.670599
0.670594
0.670588
0.670583
0.670577
0.670572
0.670567
0.670561
0.670556
0.670551
0.670545
0.67054
0.670534
0.670529
0.670523
0.670518
0.670513
0.670508
0.670502
0.670497
0.670492
0.670486
0.670481
0.670475
0.67047
0.670465
0.670459
0.670454
0.670449
0.670443
0.670438
0.670432
0.670427
0.670421
0.670416
0.670411
0.670405
0.6704
0.670395
0.670389
0.670384
0.670378
0.670373
0.670368
0.670362
0.670357
0.670352
0.670346
0.670341
0.670336
0.67033
0.670325
0.670319
0.670314
0.670309
0.670303
0.670298
0.670293
0.670287
0.670282
0.670277
0.670271
0.670266
0.670261
0.670255
0.67025
0.670244
0.670239
0.670234
0.670228
0.670223
0.670218
0.670212
0.670207
0.670201
0.670196
0.670191
0.670185
0.67018
0.670175
0.67017
0.670164
0.670158
0.670153
0.670148
0.670142
0.670137
0.670132
0.670126
0.670121
0.670116
0.67011
0.670105
0.670099
0.670094
0.670089
0.670083
0.670078
0.670073
0.670067
0.670062
0.670056
0.670051
0.670046
0.67004
0.670035
0.670029
0.670025
0.670019
0.670014
0.670008
0.670003
0.669997
0.669992
0.669987
0.669981
0.669976
0.669971
0.669965
0.66996
0.669954
0.669949
0.669944
0.669939
0.669933
0.669928
0.669922
0.669917
0.669912
0.669907
0.669901
0.669896
0.66989
0.669885
0.669879
0.669874
0.669869
0.669863
0.669858
0.669853
0.669847
0.669842
0.669837
0.669831
0.669826
0.669821
0.669815
0.66981
0.669804
0.669799
0.669794
0.669788
0.669783
0.669778
0.669773
0.669767
0.669762
0.669756
0.669751
0.669745
0.66974
0.669735
0.66973
0.669724
0.669719
0.669713
0.669708
0.669703
0.669698
0.669692
0.669687
0.669681
0.669676
0.669671
0.669665
0.66966
0.669655
0.669649
0.669644
0.669638
0.669633
0.669628
0.669622
0.669617
0.669612
0.669606
0.669601
0.669596
0.66959
0.669585
0.669579
0.669574
0.669569
0.669564
0.669558
0.669553
0.669547
0.669542
0.669537
0.669531
0.669526
0.669521
0.669515
0.66951
0.669505
0.669499
0.669494
0.669489
0.669483
0.669478
0.669472
0.669467
0.669462
0.669457
0.669451
0.669446
0.66944
0.669435
0.66943
0.669424
0.669419
0.669414
0.669408
0.669403
0.669397
0.669392
0.669387
0.669381
0.669376
0.669371
0.669365
0.66936
0.669355
0.66935
0.669344
0.669339
0.669333
0.669328
0.669323
0.669318
0.669312
0.669307
0.669301
0.669296
0.669291
0.669285
0.66928
0.669275
0.669269
0.669264
0.669258
0.669253
0.669248
0.669242
0.669237
0.669232
0.669227
0.669221
0.669216
0.66921
0.669205
0.6692
0.669194
0.669189
0.669184
0.669178
0.669173
0.669167
0.669162
0.669157
0.669152
0.669146
0.669141
0.669136
0.66913
0.669125
0.669119
0.669114
0.669109
0.669103
0.669098
0.669093
0.669088
0.669082
0.669077
0.669072
0.669066
0.669061
0.669055
0.66905
0.669045
0.669039
0.669034
0.669029
0.669023
0.669018
0.669013
0.669007
0.669002
0.668997
0.668991
0.668986
0.66898
0.668975
0.66897
0.668964
0.668959
0.668954
0.668949
0.668943
0.668938
0.668933
0.668927
0.668922
0.668917
0.668911
0.668906
0.6689
0.668895
0.66889
0.668885
0.668879
0.668874
0.668868
0.668863
0.668858
0.668852
0.668847
0.668842
0.668836
0.668831
0.668826
0.66882
0.668815
0.66881
0.668804
0.668799
0.668794
0.668788
0.668783
0.668778
0.668772
0.668767
0.668762
0.668756
0.668751
0.668746
0.66874
0.668735
0.66873
0.668724
0.668719
0.668714
0.668708
0.668703
0.668698
0.668692
0.668687
0.668682
0.668677
0.668671
0.668666
0.66866
0.668655
0.66865
0.668644
0.668639
0.668634
0.668628
0.668623
0.668618
0.668612
0.668607
0.668601
0.668596
0.668591
0.668586
0.66858
0.668575
0.66857
0.668565
0.668559
0.668553
0.668548
0.668543
0.668538
0.668532
0.668527
0.668522
0.668516
0.668511
0.668506
0.668501
0.668495
0.66849
0.668484
0.668479
0.668474
0.668468
0.668463
0.668457
0.668453
0.668447
0.668442
0.668437
0.668431
0.668426
0.668421
0.668415
0.66841
0.668404
0.668399
0.668393
0.668388
0.668383
0.668378
0.668372
0.668367
0.668362
0.668357
0.668351
0.668346
0.668341
0.668335
0.66833
0.668325
0.668319
0.668314
0.668308
0.668303
0.668298
0.668293
0.668287
0.668282
0.668277
0.668271
0.668266
0.66826
0.668255
0.66825
0.668245
0.668239
0.668234
0.668229
0.668223
0.668218
0.668213
0.668207
0.668202
0.668197
0.668191
0.668186
0.668181
0.668176
0.66817
0.668165
0.668159
0.668154
0.668148
0.668143
0.668138
0.668133
0.668127
0.668122
0.668117
0.668111
0.668106
0.668101
0.668095
0.66809
0.668085
0.668079
0.668074
0.668068
0.668063
0.668058
0.668053
0.668048
0.668042
0.668037
0.668031
0.668026
0.668021
0.668015
0.66801
0.668005
0.668
0.667994
0.667989
0.667984
0.667978
0.667973
0.667967
0.667963
0.667957
0.667952
0.667946
0.667941
0.667936
0.66793
0.667925
0.66792
0.667915
0.667909
0.667904
0.667899
0.667893
0.667888
0.667883
0.667877
0.667872
0.667867
0.667861
0.667856
0.667851
0.667845
0.66784
0.667835
0.667829
0.667824
0.667818
0.667813
0.667808
0.667803
0.667798
0.667792
0.667787
0.667781
0.667776
0.667771
0.667765
0.66776
0.667755
0.66775
0.667744
0.667739
0.667734
0.667728
0.667723
0.667718
0.667712
0.667707
0.667702
0.667696
0.667691
0.667686
0.667681
0.667675
0.66767
0.667664
0.667659
0.667654
0.667649
0.667643
0.667638
0.667633
0.667628
0.667622
0.667616
0.667611
0.667606
0.667601
0.667595
0.66759
0.667585
0.66758
0.667574
0.667569
0.667564
0.667558
0.667553
0.667548
0.667542
0.667537
0.667532
0.667526
0.667521
0.667516
0.667511
0.667505
0.6675
0.667495
0.667489
0.667484
0.667479
0.667473
0.667468
0.667463
0.667458
0.667452
0.667447
0.667442
0.667436
0.667431
0.667426
0.66742
0.667415
0.66741
0.667404
0.667399
0.667394
0.667388
0.667383
0.667378
0.667373
0.667367
0.667362
0.667356
0.667351
0.667346
0.66734
0.667335
0.66733
0.667325
0.667319
0.667314
0.667309
0.667303
0.667298
0.667293
0.667288
0.667282
0.667277
0.667271
0.667266
0.667261
0.667256
0.66725
0.667245
0.66724
0.667234
0.667229
0.667224
0.667218
0.667213
0.667208
0.667203
0.667197
0.667192
0.667187
0.667181
0.667176
0.667171
0.667166
0.66716
0.667155
0.66715
0.667144
0.667139
0.667134
0.667129
0.667123
0.667117
0.667113
0.667107
0.667102
0.667097
0.667091
0.667086
0.667081
0.667075
0.66707
0.667065
0.66706
0.667054
0.667049
0.667043
0.667038
0.667033
0.667028
0.667023
0.667017
0.667012
0.667006
0.667001
0.666996
0.666991
0.666985
0.66698
0.666975
0.66697
0.666964
0.666959
0.666953
0.666948
0.666943
0.666938
0.666932
0.666927
0.666922
0.666916
0.666911
0.666906
0.666901
0.666895
0.66689
0.666885
0.666879
0.666874
0.666869
0.666863
0.666858
0.666853
0.666847
0.666842
0.666837
0.666832
0.666826
0.666821
0.666816
0.66681
0.666805
0.6668
0.666794
0.666789
0.666784
0.666779
0.666774
0.666768
0.666763
0.666757
0.666752
0.666747
0.666742
0.666736
0.666731
0.666726
0.66672
0.666715
0.66671
0.666704
0.666699
0.666694
0.666689
0.666683
0.666678
0.666673
0.666668
0.666662
0.666657
0.666652
0.666646
0.666641
0.666636
0.66663
0.666625
0.66662
0.666615
0.666609
0.666604
0.666599
0.666594
0.666588
0.666583
0.666578
0.666572
0.666567
0.666562
0.666557
0.666551
0.666546
0.666541
0.666535
0.66653
0.666525
0.666519
0.666514
0.666509
0.666504
0.666498
0.666493
0.666487
0.666482
0.666477
0.666472
0.666466
0.666461
0.666456
0.666451
0.666445
0.66644
0.666434
0.666429
0.666424
0.666419
0.666413
0.666408
0.666403
0.666398
0.666392
0.666387
0.666382
0.666377
0.666371
0.666366
0.666361
0.666356
0.66635
0.666345
0.666339
0.666334
0.666329
0.666324
0.666318
0.666313
0.666308
0.666303
0.666297
0.666292
0.666287
0.666281
0.666276
0.666271
0.666266
0.66626
0.666255
0.66625
0.666245
0.666239
0.666234
0.666229
0.666223
0.666218
0.666213
0.666207
0.666202
0.666197
0.666191
0.666186
0.666181
0.666175
0.66617
0.666165
0.66616
0.666155
0.666149
0.666144
0.666139
0.666134
0.666128
0.666123
0.666118
0.666112
0.666107
0.666102
0.666097
0.666091
0.666086
0.666081
0.666075
0.66607
0.666065
0.66606
0.666054
0.666049
0.666044
0.666038
0.666033
0.666028
0.666022
0.666017
0.666012
0.666007
0.666001
0.665996
0.665991
0.665985
0.66598
0.665975
0.66597
0.665964
0.665959
0.665954
0.665949
0.665943
0.665938
0.665933
0.665927
0.665922
0.665917
0.665911
0.665907
0.665901
0.665896
0.665891
0.665886
0.66588
0.665875
0.665869
0.665864
0.665859
0.665854
0.665848
0.665843
0.665838
0.665832
0.665827
0.665822
0.665817
0.665811
0.665806
0.665801
0.665796
0.66579
0.665785
0.66578
0.665775
0.665769
0.665764
0.665759
0.665753
0.665748
0.665743
0.665738
0.665732
0.665727
0.665722
0.665716
0.665711
0.665706
0.665701
0.665695
0.66569
0.665684
0.66568
0.665674
0.665669
0.665664
0.665659
0.665653
0.665648
0.665643
0.665637
0.665632
0.665627
0.665622
0.665616
0.665611
0.665606
0.665601
0.665595
0.66559
0.665585
0.665579
0.665574
0.665569
0.665564
0.665558
0.665553
0.665548
0.665543
0.665537
0.665532
0.665527
0.665521
0.665516
0.665511
0.665506
0.6655
0.665495
0.66549
0.665485
0.665479
0.665474
0.665469
0.665464
0.665458
0.665453
0.665448
0.665443
0.665437
0.665432
0.665427
0.665421
0.665416
0.665411
0.665406
0.665401
0.665395
0.66539
0.665384
0.665379
0.665374
0.665369
0.665363
0.665358
0.665353
0.665348
0.665343
0.665337
0.665332
0.665327
0.665322
0.665316
0.665311
0.665305
0.6653
0.665295
0.66529
0.665285
0.665279
0.665274
0.665269
0.665264
0.665258
0.665253
0.665248
0.665242
0.665237
0.665232
0.665226
0.665221
0.665216
0.665211
0.665205
0.665201
0.665195
0.66519
0.665184
0.665179
0.665174
0.665169
0.665163
0.665158
0.665153
0.665148
0.665142
0.665137
0.665132
0.665127
0.665121
0.665116
0.665111
0.665106
0.6651
0.665095
0.66509
0.665085
0.665079
0.665074
0.665069
0.665063
0.665058
0.665053
0.665048
0.665043
0.665037
0.665032
0.665026
0.665021
0.665016
0.665011
0.665006
0.665
0.664995
0.66499
0.664985
0.664979
0.664974
0.664969
0.664964
0.664958
0.664953
0.664948
0.664943
0.664937
0.664932
0.664927
0.664921
0.664916
0.664911
0.664906
0.664901
0.664895
0.66489
0.664885
0.66488
0.664874
0.664869
0.664864
0.664858
0.664853
0.664848
0.664843
0.664837
0.664832
0.664827
0.664822
0.664816
0.664811
0.664806
0.664801
0.664795
0.66479
0.664785
0.66478
0.664774
0.664769
0.664764
0.664758
0.664753
0.664748
0.664743
0.664737
0.664732
0.664727
0.664722
0.664717
0.664711
0.664706
0.664701
0.664695
0.66469
0.664685
0.66468
0.664674
0.664669
0.664664
0.664659
0.664654
0.664648
0.664643
0.664638
0.664632
0.664627
0.664622
0.664617
0.664612
0.664606
0.664601
0.664596
0.66459
0.664585
0.66458
0.664575
0.66457
0.664564
0.664559
0.664554
0.664548
0.664543
0.664538
0.664533
0.664528
0.664522
0.664517
0.664512
0.664506
0.664501
0.664496
0.664491
0.664485
0.66448
0.664475
0.66447
0.664464
0.664459
0.664454
0.664449
0.664443
0.664438
0.664433
0.664428
0.664422
0.664417
0.664412
0.664407
0.664402
0.664396
0.664391
0.664386
0.664381
0.664375
0.66437
0.664365
0.66436
0.664354
0.664349
0.664344
0.664339
0.664333
0.664328
0.664323
0.664318
0.664313
0.664307
0.664302
0.664297
0.664291
0.664286
0.664281
0.664276
0.664271
0.664265
0.66426
0.664255
0.66425
0.664244
0.664239
0.664234
0.664228
0.664223
0.664218
0.664213
0.664208
0.664202
0.664197
0.664192
0.664187
0.664182
0.664176
0.664171
0.664166
0.66416
0.664155
0.66415
0.664145
0.66414
0.664134
0.664129
0.664124
0.664119
0.664113
0.664108
0.664103
0.664097
0.664092
0.664087
0.664082
0.664076
0.664071
0.664066
0.664061
0.664056
0.66405
0.664045
0.66404
0.664035
0.664029
0.664024
0.664019
0.664014
0.664009
0.664003
0.663998
0.663993
0.663988
0.663982
0.663977
0.663972
0.663967
0.663961
0.663956
0.663951
0.663945
0.663941
0.663935
0.66393
0.663925
0.66392
0.663914
0.663909
0.663904
0.663899
0.663893
0.663888
0.663883
0.663878
0.663872
0.663867
0.663862
0.663857
0.663851
0.663846
0.663841
0.663836
0.663831
0.663825
0.66382
0.663815
0.66381
0.663804
0.663799
0.663794
0.663789
0.663783
0.663778
0.663773
0.663768
0.663763
0.663757
0.663752
0.663746
0.663741
0.663736
0.663731
0.663726
0.663721
0.663715
0.66371
0.663705
0.6637
0.663694
0.663689
0.663684
0.663679
0.663673
0.663668
0.663663
0.663658
0.663652
0.663647
0.663642
0.663637
0.663632
0.663626
0.663621
0.663616
0.663611
0.663606
0.6636
0.663595
0.66359
0.663584
0.663579
0.663574
0.663569
0.663564
0.663558
0.663553
0.663548
0.663543
0.663537
0.663532
0.663527
0.663522
0.663517
0.663511
0.663506
0.663501
0.663496
0.66349
0.663485
0.66348
0.663475
0.66347
0.663464
0.663459
0.663454
0.663448
0.663444
0.663438
0.663433
0.663428
0.663422
0.663417
0.663412
0.663407
0.663401
0.663396
0.663391
0.663386
0.663381
0.663375
0.66337
0.663365
0.66336
0.663355
0.663349
0.663344
0.663339
0.663334
0.663329
0.663323
0.663318
0.663313
0.663307
0.663302
0.663297
0.663292
0.663287
0.663282
0.663276
0.663271
0.663266
0.663261
0.663255
0.663251
0.663245
0.66324
0.663235
0.663229
0.663224
0.663219
0.663214
0.663208
0.663203
0.663198
0.663193
0.663188
0.663183
0.663177
0.663172
0.663167
0.663161
0.663156
0.663151
0.663146
0.66314
0.663135
0.66313
0.663125
0.66312
0.663114
0.663109
0.663104
0.663099
0.663094
0.663088
0.663083
0.663078
0.663073
0.663068
0.663062
0.663057
0.663052
0.663047
0.663041
0.663036
0.663031
0.663026
0.663021
0.663015
0.66301
0.663005
0.663
0.662995
0.662989
0.662984
0.662979
0.662973
0.662968
0.662963
0.662958
0.662953
0.662948
0.662942
0.662937
0.662932
0.662927
0.662921
0.662916
0.662911
0.662906
0.662901
0.662895
0.66289
0.662885
0.66288
0.662874
0.662869
0.662864
0.662859
0.662853
0.662848
0.662843
0.662838
0.662833
0.662827
0.662822
0.662817
0.662812
0.662807
0.662802
0.662796
0.662791
0.662786
0.662781
0.662775
0.66277
0.662765
0.66276
0.662754
0.662749
0.662744
0.662739
0.662734
0.662729
0.662723
0.662718
0.662713
0.662708
0.662702
0.662697
0.662692
0.662687
0.662682
0.662677
0.662671
0.662666
0.662661
0.662656
0.662651
0.662645
0.66264
0.662635
0.66263
0.662624
0.662619
0.662614
0.662609
0.662603
0.662599
0.662593
0.662588
0.662583
0.662577
0.662573
0.662567
0.662562
0.662557
0.662551
0.662546
0.662541
0.662536
0.662531
0.662525
0.662521
0.662515
0.66251
0.662505
0.662499
0.662494
0.662488
0.662484
0.662478
0.662473
0.662468
0.662463
0.662458
0.662453
0.662448
0.662442
0.662437
0.662432
0.662426
0.662421
0.662416
0.662411
0.662406
0.662401
0.662395
0.66239
0.662384
0.66238
0.662374
0.662369
0.662364
0.662359
0.662354
0.662349
0.662343
0.662338
0.662333
0.662327
0.662322
0.662317
0.662312
0.662307
0.662302
0.662296
0.662291
0.662286
0.662281
0.662275
0.66227
0.662265
0.66226
0.662255
0.66225
0.662244
0.662239
0.662234
0.662229
0.662224
0.662219
0.662213
0.662208
0.662203
0.662197
0.662192
0.662187
0.662182
0.662177
0.662172
0.662166
0.662161
0.662156
0.662151
0.662146
0.662141
0.662135
0.66213
0.662125
0.662119
0.662114
0.662109
0.662104
0.662099
0.662094
0.662088
0.662083
0.662078
0.662073
0.662068
0.662063
0.662057
0.662052
0.662047
0.662042
0.662037
0.662031
0.662026
0.662021
0.662016
0.66201
0.662005
0.662
0.661995
0.66199
0.661985
0.661979
0.661974
0.661969
0.661963
0.661958
0.661953
0.661948
0.661943
0.661938
0.661933
0.661927
0.661922
0.661917
0.661912
0.661907
0.661901
0.661896
0.661891
0.661886
0.661881
0.661875
0.66187
0.661865
0.66186
0.661855
0.661849
0.661844
0.661839
0.661834
0.661828
0.661823
0.661818
0.661813
0.661808
0.661802
0.661797
0.661792
0.661787
0.661782
0.661777
0.661772
0.661766
0.661761
0.661756
0.661751
0.661746
0.661741
0.661735
0.66173
0.661725
0.66172
0.661714
0.661709
0.661704
0.661699
0.661694
0.661688
0.661683
0.661678
0.661673
0.661668
0.661663
0.661657
0.661652
0.661647
0.661642
0.661637
0.661632
0.661626
0.661621
0.661616
0.661611
0.661606
0.6616
0.661595
0.66159
0.661585
0.661579
0.661574
0.661569
0.661564
0.661559
0.661554
0.661548
0.661543
0.661538
0.661533
0.661528
0.661523
0.661517
0.661512
0.661507
0.661502
0.661497
0.661491
0.661486
0.661481
0.661476
0.661471
0.661466
0.66146
0.661455
0.66145
0.661445
0.661439
0.661434
0.661429
0.661424
0.661419
0.661414
0.661409
0.661403
0.661398
0.661393
0.661388
0.661382
0.661377
0.661372
0.661367
0.661362
0.661356
0.661351
0.661346
0.661341
0.661336
0.661331
0.661325
0.66132
0.661315
0.66131
0.661305
0.6613
0.661294
0.661289
0.661284
0.661279
0.661274
0.661268
0.661263
0.661258
0.661253
0.661248
0.661242
0.661238
0.661232
0.661227
0.661222
0.661216
0.661212
0.661206
0.661201
0.661196
0.661191
0.661186
0.661181
0.661175
0.66117
0.661165
0.66116
0.661155
0.661149
0.661144
0.661139
0.661134
0.661129
0.661124
0.661118
0.661113
0.661108
0.661103
0.661098
0.661093
0.661087
0.661082
0.661077
0.661072
0.661066
0.661061
0.661056
0.661051
0.661046
0.661041
0.661035
0.66103
0.661025
0.66102
0.661015
0.661009
0.661004
0.660999
0.660994
0.660989
0.660983
0.660979
0.660973
0.660968
0.660963
0.660958
0.660953
0.660948
0.660943
0.660937
0.660932
0.660927
0.660922
0.660917
0.660911
0.660906
0.660901
0.660896
0.660891
0.660886
0.66088
0.660875
0.66087
0.660865
0.660859
0.660854
0.660849
0.660844
0.660839
0.660834
0.660829
0.660824
0.660818
0.660813
0.660808
0.660803
0.660797
0.660793
0.660787
0.660782
0.660777
0.660772
0.660767
0.660761
0.660756
0.660751
0.660746
0.660741
0.660736
0.66073
0.660725
0.66072
0.660715
0.66071
0.660705
0.660699
0.660694
0.660689
0.660684
0.660679
0.660673
0.660668
0.660663
0.660658
0.660653
0.660648
0.660642
0.660637
0.660632
0.660627
0.660622
0.660616
0.660611
0.660606
0.660601
0.660596
0.660591
0.660586
0.660581
0.660575
0.66057
0.660565
0.66056
0.660555
0.660549
0.660544
0.660539
0.660534
0.660529
0.660524
0.660518
0.660513
0.660508
0.660503
0.660498
0.660493
0.660487
0.660482
0.660477
0.660472
0.660467
0.660462
0.660456
0.660451
0.660446
0.660441
0.660435
0.660431
0.660426
0.660421
0.660415
0.66041
0.660405
0.660399
0.660395
0.660389
0.660384
0.660379
0.660374
0.660369
0.660364
0.660358
0.660353
0.660348
0.660343
0.660338
0.660333
0.660327
0.660322
0.660317
0.660312
0.660307
0.660301
0.660297
0.660291
0.660286
0.660281
0.660276
0.660271
0.660266
0.66026
0.660255
0.66025
0.660245
0.66024
0.660235
0.66023
0.660224
0.660219
0.660214
0.660209
0.660204
0.660199
0.660193
0.660188
0.660183
0.660178
0.660173
0.660167
0.660162
0.660157
0.660152
0.660147
0.660142
0.660137
0.660131
0.660126
0.660121
0.660116
0.660111
0.660106
0.6601
0.660095
0.66009
0.660085
0.66008
0.660074
0.66007
0.660065
0.660059
0.660054
0.660049
0.660044
0.660039
0.660033
0.660028
0.660023
0.660018
0.660013
0.660008
0.660002
0.659997
0.659992
0.659987
0.659982
0.659977
0.659971
0.659967
0.659961
0.659956
0.659951
0.659946
0.659941
0.659935
0.65993
0.659925
0.65992
0.659915
0.65991
0.659905
0.6599
0.659894
0.659889
0.659884
0.659879
0.659874
0.659868
0.659863
0.659858
0.659853
0.659848
0.659843
0.659838
0.659833
0.659827
0.659822
0.659817
0.659812
0.659806
0.659802
0.659797
0.659791
0.659786
0.659781
0.659776
0.659771
0.659765
0.65976
0.659755
0.65975
0.659745
0.65974
0.659735
0.659729
0.659724
0.659719
0.659714
0.659709
0.659704
0.659698
0.659693
0.659688
0.659683
0.659678
0.659673
0.659668
0.659663
0.659657
0.659652
0.659647
0.659642
0.659637
0.659632
0.659626
0.659621
0.659616
0.659611
0.659606
0.6596
0.659596
0.65959
0.659585
0.65958
0.659575
0.65957
0.659565
0.65956
0.659554
0.659549
0.659544
0.659539
0.659534
0.659529
0.659524
0.659519
0.659513
0.659508
0.659503
0.659498
0.659493
0.659488
0.659482
0.659477
0.659472
0.659467
0.659462
0.659457
0.659452
0.659446
0.659441
0.659436
0.659431
0.659426
0.659421
0.659415
0.659411
0.659405
0.6594
0.659395
0.65939
0.659385
0.65938
0.659374
0.65937
0.659364
0.659359
0.659354
0.659349
0.659344
0.659338
0.659333
0.659328
0.659323
0.659318
0.659313
0.659307
0.659302
0.659297
0.659292
0.659287
0.659282
0.659277
0.659272
0.659266
0.659261
0.659256
0.659251
0.659246
0.659241
0.659236
0.659231
0.659225
0.65922
0.659215
0.65921
0.659205
0.6592
0.659194
0.659189
0.659184
0.659179
0.659174
0.659169
0.659164
0.659158
0.659153
0.659148
0.659143
0.659138
0.659133
0.659128
0.659123
0.659117
0.659112
0.659107
0.659102
0.659097
0.659092
0.659087
0.659081
0.659077
0.659071
0.659066
0.659061
0.659056
0.659051
0.659046
0.65904
0.659035
0.65903
0.659025
0.65902
0.659015
0.65901
0.659005
0.658999
0.658994
0.658989
0.658984
0.658979
0.658974
0.658969
0.658964
0.658958
0.658953
0.658948
0.658943
0.658938
0.658933
0.658928
0.658922
0.658917
0.658912
0.658907
0.658902
0.658897
0.658892
0.658887
0.658881
0.658876
0.658871
0.658866
0.658861
0.658856
0.658851
0.658845
0.65884
0.658835
0.65883
0.658825
0.65882
0.658815
0.658809
0.658804
0.658799
0.658794
0.658789
0.658784
0.658779
0.658774
0.658769
0.658763
0.658758
0.658753
0.658748
0.658743
0.658738
0.658733
0.658728
0.658723
0.658717
0.658712
0.658707
0.658702
0.658697
0.658691
0.658686
0.658681
0.658676
0.658671
0.658666
0.658661
0.658656
0.658651
0.658645
0.65864
0.658635
0.65863
0.658625
0.65862
0.658615
0.65861
0.658604
0.658599
0.658594
0.658589
0.658584
0.658579
0.658574
0.658568
0.658563
0.658558
0.658553
0.658548
0.658543
0.658538
0.658533
0.658528
0.658522
0.658518
0.658512
0.658507
0.658502
0.658497
0.658492
0.658487
0.658481
0.658476
0.658471
0.658466
0.658461
0.658456
0.658451
0.658445
0.658441
0.658435
0.65843
0.658425
0.65842
0.658415
0.65841
0.658405
0.6584
0.658395
0.658389
0.658384
0.658379
0.658374
0.658369
0.658364
0.658358
0.658354
0.658348
0.658343
0.658338
0.658333
0.658328
0.658323
0.658318
0.658312
0.658307
0.658302
0.658297
0.658292
0.658287
0.658282
0.658276
0.658271
0.658266
0.658261
0.658256
0.658251
0.658246
0.658241
0.658236
0.65823
0.658226
0.65822
0.658215
0.65821
0.658205
0.6582
0.658195
0.658189
0.658185
0.658179
0.658174
0.658169
0.658164
0.658159
0.658154
0.658149
0.658144
0.658139
0.658133
0.658128
0.658123
0.658118
0.658113
0.658108
0.658103
0.658098
0.658092
0.658087
0.658082
0.658077
0.658072
0.658066
0.658062
0.658056
0.658051
0.658047
0.658042
0.658036
0.658031
0.658026
0.658021
0.658016
0.658011
0.658006
0.658001
0.657995
0.65799
0.657985
0.65798
0.657975
0.65797
0.657964
0.657959
0.657954
0.657949
0.657944
0.657939
0.657934
0.657929
0.657924
0.657919
0.657913
0.657908
0.657903
0.657898
0.657893
0.657888
0.657883
0.657878
0.657873
0.657868
0.657862
0.657857
0.657852
0.657847
0.657842
0.657836
0.657832
0.657826
0.657821
0.657816
0.657811
0.657807
0.657801
0.657796
0.657791
0.657786
0.65778
0.657775
0.65777
0.657765
0.65776
0.657755
0.65775
0.657745
0.65774
0.657735
0.65773
0.657724
0.657719
0.657714
0.657709
0.657704
0.657699
0.657694
0.657689
0.657683
0.657678
0.657673
0.657668
0.657663
0.657658
0.657653
0.657648
0.657642
0.657638
0.657633
0.657627
0.657622
0.657617
0.657612
0.657607
0.657602
0.657597
0.657592
0.657586
0.657581
0.657576
0.657571
0.657566
0.657561
0.657556
0.657551
0.657546
0.657541
0.657536
0.65753
0.657525
0.65752
0.657515
0.65751
0.657505
0.6575
0.657495
0.65749
0.657484
0.657479
0.657474
0.657469
0.657464
0.657459
0.657454
0.657449
0.657444
0.657439
0.657434
0.657428
0.657423
0.657418
0.657413
0.657408
0.657403
0.657398
0.657393
0.657388
0.657383
0.657377
0.657373
0.657367
0.657362
0.657357
0.657352
0.657347
0.657342
0.657336
0.657331
0.657326
0.657321
0.657316
0.657311
0.657306
0.657301
0.657296
0.65729
0.657285
0.65728
0.657275
0.65727
0.657265
0.65726
0.657255
0.65725
0.657245
0.65724
0.657235
0.657229
0.657225
0.657219
0.657214
0.657209
0.657204
0.657199
0.657194
0.657189
0.657184
0.657179
0.657173
0.657168
0.657163
0.657158
0.657153
0.657148
0.657143
0.657138
0.657133
0.657128
0.657122
0.657118
0.657112
0.657107
0.657102
0.657097
0.657092
0.657087
0.657082
0.657077
0.657072
0.657067
0.657061
0.657056
0.657051
0.657046
0.657041
0.657036
0.657031
0.657026
0.657021
0.657015
0.657011
0.657006
0.657
0.656995
0.65699
0.656985
0.65698
0.656975
0.65697
0.656965
0.65696
0.656954
0.656949
0.656944
0.656939
0.656934
0.656929
0.656924
0.656919
0.656914
0.656909
0.656904
0.656898
0.656893
0.656888
0.656883
0.656878
0.656873
0.656868
0.656863
0.656858
0.656853
0.656848
0.656842
0.656838
0.656832
0.656827
0.656822
0.656817
0.656812
0.656807
0.656802
0.656797
0.656791
0.656786
0.656781
0.656776
0.656771
0.656766
0.656761
0.656756
0.656751
0.656746
0.656741
0.656735
0.656731
0.656725
0.65672
0.656715
0.65671
0.656705
0.6567
0.656695
0.65669
0.656685
0.65668
0.656674
0.65667
0.656664
0.656659
0.656654
0.656649
0.656644
0.656639
0.656634
0.656629
0.656624
0.656619
0.656613
0.656608
0.656603
0.656599
0.656593
0.656588
0.656583
0.656578
0.656573
0.656567
0.656563
0.656557
0.656552
0.656547
0.656542
0.656537
0.656532
0.656527
0.656522
0.656517
0.656512
0.656507
0.656502
0.656497
0.656491
0.656486
0.656481
0.656476
0.656471
0.656466
0.656461
0.656456
0.656451
0.656446
0.656441
0.656436
0.656431
0.656426
0.65642
0.656415
0.65641
0.656405
0.6564
0.656395
0.65639
0.656385
0.65638
0.656375
0.65637
0.656364
0.656359
0.656355
0.656349
0.656344
0.656339
0.656334
0.656329
0.656324
0.656319
0.656314
0.656309
0.656304
0.656299
0.656293
0.656288
0.656283
0.656278
0.656273
0.656268
0.656263
0.656258
0.656253
0.656248
0.656243
0.656237
0.656233
0.656228
0.656222
0.656217
0.656212
0.656207
0.656202
0.656197
0.656192
0.656187
0.656181
0.656176
0.656171
0.656166
0.656161
0.656156
0.656151
0.656146
0.656141
0.656136
0.656131
0.656126
0.656121
0.656116
0.656111
0.656106
0.656101
0.656095
0.65609
0.656085
0.65608
0.656075
0.65607
0.656065
0.65606
0.656055
0.65605
0.656045
0.65604
0.656035
0.656029
0.656024
0.656019
0.656014
0.656009
0.656004
0.655999
0.655994
0.655989
0.655984
0.655979
0.655974
0.655969
0.655964
0.655958
0.655954
0.655948
0.655943
0.655938
0.655933
0.655928
0.655923
0.655918
0.655913
0.655908
0.655903
0.655898
0.655893
0.655888
0.655883
0.655877
0.655872
0.655867
0.655862
0.655857
0.655852
0.655847
0.655842
0.655837
0.655832
0.655827
0.655822
0.655817
0.655811
0.655807
0.655801
0.655796
0.655791
0.655787
0.655781
0.655776
0.655771
0.655766
0.655761
0.655756
0.655751
0.655746
0.655741
0.655735
0.655731
0.655725
0.65572
0.655715
0.65571
0.655705
0.6557
0.655695
0.65569
0.655685
0.65568
0.655675
0.65567
0.655665
0.655659
0.655654
0.655649
0.655644
0.655639
0.655634
0.655629
0.655624
0.655619
0.655614
0.655609
0.655604
0.655599
0.655594
0.655589
0.655584
0.655579
0.655573
0.655568
0.655563
0.655558
0.655553
0.655548
0.655543
0.655538
0.655533
0.655528
0.655523
0.655518
0.655513
0.655508
0.655502
0.655498
0.655493
0.655487
0.655483
0.655477
0.655472
0.655467
0.655462
0.655457
0.655452
0.655447
0.655442
0.655437
0.655432
0.655427
0.655422
0.655416
0.655411
0.655406
0.655401
0.655396
0.655391
0.655386
0.655381
0.655376
0.655371
0.655366
0.655361
0.655356
0.655351
0.655346
0.655341
0.655336
0.655331
0.655326
0.65532
0.655315
0.65531
0.655305
0.6553
0.655295
0.65529
0.655285
0.65528
0.655275
0.65527
0.655265
0.65526
0.655255
0.655249
0.655245
0.65524
0.655234
0.65523
0.655224
0.65522
0.655214
0.655209
0.655204
0.655199
0.655194
0.655189
0.655184
0.655179
0.655174
0.655169
0.655164
0.655159
0.655154
0.655149
0.655144
0.655138
0.655133
0.655128
0.655124
0.655118
0.655113
0.655108
0.655103
0.655098
0.655093
0.655088
0.655083
0.655078
0.655073
0.655068
0.655063
0.655057
0.655053
0.655048
0.655042
0.655038
0.655033
0.655027
0.655022
0.655017
0.655012
0.655007
0.655002
0.654997
0.654992
0.654987
0.654982
0.654977
0.654972
0.654966
0.654962
0.654956
0.654952
0.654947
0.654942
0.654937
0.654931
0.654926
0.654921
0.654916
0.654911
0.654906
0.654901
0.654896
0.654891
0.654886
0.654881
0.654876
0.654871
0.654866
0.654861
0.654855
0.654851
0.654845
0.65484
0.654836
0.654831
0.654825
0.65482
0.654815
0.65481
0.654805
0.6548
0.654795
0.65479
0.654785
0.65478
0.654775
0.65477
0.654765
0.65476
0.654755
0.65475
0.654745
0.654739
0.654734
0.65473
0.654724
0.65472
0.654714
0.654709
0.654704
0.654699
0.654694
0.654689
0.654684
0.654679
0.654674
0.654669
0.654664
0.654659
0.654654
0.654649
0.654644
0.654639
0.654634
0.654629
0.654623
0.654618
0.654613
0.654608
0.654603
0.654598
0.654593
0.654588
0.654583
0.654578
0.654573
0.654568
0.654563
0.654558
0.654553
0.654548
0.654543
0.654538
0.654533
0.654528
0.654523
0.654518
0.654513
0.654507
0.654503
0.654498
0.654492
0.654487
0.654482
0.654477
0.654472
0.654467
0.654462
0.654457
0.654452
0.654447
0.654442
0.654437
0.654432
0.654427
0.654422
0.654417
0.654412
0.654407
0.654402
0.654397
0.654392
0.654386
0.654381
0.654377
0.654371
0.654367
0.654361
0.654356
0.654351
0.654346
0.654341
0.654336
0.654331
0.654326
0.654321
0.654316
0.654311
0.654306
0.654301
0.654296
0.654291
0.654286
0.654281
0.654276
0.65427
0.654266
0.654261
0.654256
0.654251
0.654246
0.654241
0.654235
0.654231
0.654225
0.65422
0.654216
0.65421
0.654205
0.6542
0.654195
0.65419
0.654185
0.65418
0.654175
0.65417
0.654165
0.65416
0.654155
0.65415
0.654145
0.65414
0.654135
0.65413
0.654125
0.65412
0.654115
0.65411
0.654105
0.6541
0.654095
0.654089
0.654084
0.654079
0.654074
0.65407
0.654064
0.654059
0.654054
0.654049
0.654044
0.654039
0.654034
0.654029
0.654024
0.654019
0.654014
0.654009
0.654004
0.653999
0.653994
0.653989
0.653984
0.653979
0.653974
0.653969
0.653964
0.653959
0.653954
0.653948
0.653944
0.653939
0.653934
0.653929
0.653924
0.653918
0.653913
0.653908
0.653903
0.653898
0.653893
0.653889
0.653883
0.653878
0.653873
0.653868
0.653863
0.653858
0.653853
0.653848
0.653843
0.653838
0.653833
0.653828
0.653823
0.653818
0.653813
0.653808
0.653803
0.653798
0.653793
0.653788
0.653783
0.653778
0.653773
0.653768
0.653762
0.653758
0.653753
0.653747
0.653742
0.653737
0.653733
0.653728
0.653722
0.653717
0.653712
0.653707
0.653702
0.653697
0.653693
0.653687
0.653682
0.653677
0.653672
0.653667
0.653662
0.653657
0.653652
0.653647
0.653642
0.653637
0.653632
0.653627
0.653622
0.653617
0.653612
0.653607
0.653602
0.653597
0.653592
0.653587
0.653582
0.653577
0.653572
0.653567
0.653561
0.653557
0.653552
0.653547
0.653541
0.653537
0.653532
0.653526
0.653522
0.653517
0.653512
0.653506
0.653501
0.653496
0.653491
0.653486
0.653481
0.653476
0.653471
0.653466
0.653461
0.653456
0.653451
0.653446
0.653441
0.653436
0.653431
0.653426
0.653421
0.653416
0.653411
0.653406
0.653401
0.653396
0.653391
0.653386
0.653381
0.653376
0.653371
0.653366
0.653361
0.653356
0.653351
0.653346
0.653341
0.653336
0.653331
0.653326
0.653321
0.653316
0.653311
0.653306
0.653301
0.653296
0.653291
0.653285
0.653281
0.653276
0.653271
0.653266
0.65326
0.653255
0.653251
0.653246
0.65324
0.653236
0.653231
0.653226
0.653221
0.653216
0.653211
0.653205
0.6532
0.653195
0.653191
0.653185
0.65318
0.653175
0.65317
0.653165
0.65316
0.653155
0.65315
0.653145
0.65314
0.653135
0.65313
0.653125
0.65312
0.653115
0.65311
0.653105
0.6531
0.653095
0.65309
0.653085
0.65308
0.653075
0.65307
0.653065
0.65306
0.653055
0.65305
0.653045
0.65304
0.653035
0.65303
0.653025
0.65302
0.653015
0.65301
0.653005
0.653
0.652995
0.65299
0.652985
0.65298
0.652975
0.65297
0.652965
0.65296
0.652955
0.65295
0.652945
0.65294
0.652935
0.65293
0.652925
0.65292
0.652915
0.65291
0.652905
0.6529
0.652895
0.65289
0.652885
0.65288
0.652875
0.65287
0.652865
0.652859
0.652855
0.65285
0.652844
0.65284
0.652835
0.652829
0.652825
0.65282
0.652815
0.65281
0.652805
0.6528
0.652795
0.652789
0.652785
0.65278
0.652774
0.65277
0.652765
0.65276
0.652754
0.65275
0.652744
0.65274
0.652735
0.652729
0.652724
0.65272
0.652714
0.65271
0.652704
0.6527
0.652694
0.65269
0.652684
0.65268
0.652675
0.65267
0.652664
0.652659
0.652655
0.652649
0.652645
0.652639
0.652635
0.65263
0.652624
0.652619
0.652614
0.652609
0.652604
0.6526
0.652595
0.652589
0.652585
0.652579
0.652574
0.652569
0.652565
0.652559
0.652554
0.652549
0.652545
0.652539
0.652534
0.652529
0.652524
0.65252
0.652515
0.652509
0.652504
0.652499
0.652494
0.652489
0.652484
0.65248
0.652475
0.65247
0.652465
0.652459
0.652454
0.65245
0.652445
0.652439
0.652435
0.652429
0.652424
0.65242
0.652415
0.652409
0.652405
0.6524
0.652394
0.652389
0.652384
0.65238
0.652374
0.652369
0.652365
0.65236
0.652354
0.652349
0.652344
0.652339
0.652335
0.65233
0.652325
0.652319
0.652314
0.65231
0.652305
0.6523
0.652295
0.65229
0.652285
0.65228
0.652275
0.65227
0.652264
0.65226
0.652254
0.65225
0.652245
0.65224
0.652235
0.652229
0.652224
0.652219
0.652215
0.65221
0.652205
0.6522
0.652195
0.65219
0.652185
0.65218
0.652175
0.65217
0.652165
0.65216
0.652155
0.65215
0.652145
0.65214
0.652135
0.65213
0.652125
0.65212
0.652115
0.65211
0.652105
0.6521
0.652095
0.65209
0.652085
0.65208
0.652075
0.65207
0.652065
0.65206
0.652055
0.65205
0.652045
0.65204
0.652035
0.65203
0.652025
0.65202
0.652015
0.65201
0.652005
0.652
0.651995
0.65199
0.651985
0.65198
0.651975
0.65197
0.651965
0.65196
0.651955
0.65195
0.651945
0.65194
0.651935
0.65193
0.651925
0.65192
0.651915
0.65191
0.651905
0.6519
0.651895
0.65189
0.651885
0.65188
0.651875
0.65187
0.651865
0.65186
0.651855
0.65185
0.651845
0.65184
0.651835
0.651831
0.651825
0.65182
0.651816
0.65181
0.651805
0.6518
0.651796
0.65179
0.651786
0.651781
0.651776
0.651771
0.651766
0.65176
0.651756
0.65175
0.651746
0.65174
0.651736
0.651731
0.651726
0.651721
0.651716
0.651711
0.651706
0.651701
0.651696
0.651691
0.651686
0.651681
0.651676
0.651671
0.651666
0.651661
0.651656
0.651651
0.651646
0.651641
0.651636
0.651631
0.651626
0.651621
0.651616
0.651611
0.651607
0.651601
0.651596
0.651591
0.651586
0.651581
0.651576
0.651571
0.651566
0.651562
0.651556
0.651551
0.651547
0.651541
0.651537
0.651531
0.651526
0.651522
0.651517
0.651511
0.651507
0.651502
0.651496
0.651492
0.651487
0.651482
0.651477
0.651472
0.651467
0.651462
0.651457
0.651452
0.651447
0.651442
0.651437
0.651432
0.651427
0.651422
0.651417
0.651412
0.651407
0.651402
0.651397
0.651392
0.651387
0.651382
0.651377
0.651372
0.651367
0.651362
0.651357
0.651352
0.651348
0.651342
0.651337
0.651332
0.651327
0.651322
0.651317
0.651312
0.651307
0.651303
0.651297
0.651293
0.651288
0.651283
0.651278
0.651273
0.651268
0.651263
0.651258
0.651253
0.651248
0.651243
0.651238
0.651233
0.651228
0.651223
0.651218
0.651213
0.651208
0.651203
0.651198
0.651193
0.651188
0.651183
0.651178
0.651173
0.651168
0.651163
0.651158
0.651154
0.651148
0.651143
0.651138
0.651134
0.651128
0.651123
0.651118
0.651113
0.651109
0.651103
0.651098
0.651094
0.651089
0.651084
0.651079
0.651074
0.651069
0.651063
0.651059
0.651054
0.651049
0.651044
0.651039
0.651034
0.651029
0.651024
0.651019
0.651014
0.651009
0.651004
0.650999
0.650994
0.650989
0.650984
0.650979
0.650974
0.650969
0.650964
0.650959
0.650954
0.65095
0.650944
0.65094
0.650935
0.650929
0.650925
0.65092
0.650915
0.65091
0.650905
0.6509
0.650895
0.65089
0.650885
0.65088
0.650875
0.65087
0.650865
0.65086
0.650855
0.65085
0.650845
0.65084
0.650836
0.65083
0.650825
0.65082
0.650816
0.65081
0.650805
0.6508
0.650795
0.650791
0.650786
0.650781
0.650776
0.650771
0.650766
0.650761
0.650756
0.650751
0.650746
0.650741
0.650736
0.650731
0.650726
0.650721
0.650716
0.650711
0.650706
0.650701
0.650696
0.650691
0.650686
0.650681
0.650677
0.650671
0.650666
0.650662
0.650657
0.650652
0.650647
0.650641
0.650637
0.650632
0.650627
0.650622
0.650617
0.650612
0.650607
0.650602
0.650597
0.650592
0.650587
0.650582
0.650577
0.650572
0.650567
0.650562
0.650557
0.650552
0.650547
0.650543
0.650537
0.650533
0.650527
0.650523
0.650517
0.650513
0.650508
0.650503
0.650498
0.650493
0.650488
0.650483
0.650478
0.650473
0.650468
0.650463
0.650458
0.650453
0.650448
0.650443
0.650439
0.650434
0.650428
0.650423
0.650419
0.650413
0.650408
0.650404
0.650399
0.650394
0.650389
0.650384
0.650379
0.650374
0.650369
0.650364
0.650359
0.650354
0.650349
0.650344
0.650339
0.650334
0.650329
0.650324
0.650319
0.650315
0.65031
0.650304
0.6503
0.650295
0.650289
0.650285
0.65028
0.650275
0.65027
0.650265
0.65026
0.650255
0.65025
0.650245
0.65024
0.650235
0.65023
0.650225
0.65022
0.650215
0.650211
0.650205
0.6502
0.650196
0.650191
0.650186
0.650181
0.650176
0.650171
0.650166
0.650161
0.650156
0.650151
0.650146
0.650141
0.650136
0.650131
0.650126
0.650121
0.650116
0.650111
0.650107
0.650102
0.650096
0.650092
0.650087
0.650082
0.650077
0.650072
0.650067
0.650062
0.650057
0.650052
0.650047
0.650042
0.650037
0.650032
0.650027
0.650022
0.650017
0.650012
0.650008
0.650003
0.649997
0.649993
0.649988
0.649983
0.649978
0.649973
0.649968
0.649963
0.649958
0.649953
0.649948
0.649943
0.649938
0.649933
0.649929
0.649923
0.649918
0.649913
0.649908
0.649903
0.649898
0.649894
0.649889
0.649884
0.649879
0.649874
0.649869
0.649864
0.649859
0.649854
0.649849
0.649844
0.649839
0.649834
0.649829
0.649824
0.649819
0.649814
0.64981
0.649805
0.6498
0.649795
0.64979
0.649785
0.64978
0.649775
0.64977
0.649765
0.64976
0.649755
0.64975
0.649745
0.64974
0.649735
0.64973
0.649726
0.649721
0.649715
0.649711
0.649706
0.649701
0.649696
0.649691
0.649686
0.649681
0.649676
0.649671
0.649666
0.649661
0.649656
0.649651
0.649646
0.649642
0.649637
0.649632
0.649627
0.649622
0.649617
0.649612
0.649607
0.649602
0.649597
0.649592
0.649587
0.649582
0.649577
0.649572
0.649567
0.649562
0.649558
0.649553
0.649548
0.649543
0.649538
0.649533
0.649528
0.649523
0.649518
0.649513
0.649508
0.649503
0.649498
0.649493
0.649488
0.649483
0.649478
0.649473
0.649469
0.649464
0.649459
0.649454
0.649449
0.649444
0.649439
0.649434
0.649429
0.649424
0.649419
0.649414
0.64941
0.649404
0.649399
0.649395
0.64939
0.649385
0.64938
0.649375
0.64937
0.649365
0.64936
0.649355
0.64935
0.649345
0.64934
0.649335
0.64933
0.649325
0.649321
0.649315
0.649311
0.649306
0.649301
0.649296
0.649291
0.649286
0.649281
0.649276
0.649271
0.649266
0.649261
0.649257
0.649251
0.649247
0.649242
0.649236
0.649232
0.649227
0.649222
0.649217
0.649212
0.649207
0.649202
0.649197
0.649192
0.649187
0.649182
0.649177
0.649173
0.649168
0.649163
0.649158
0.649153
0.649148
0.649143
0.649138
0.649133
0.649128
0.649123
0.649118
0.649113
0.649108
0.649103
0.649099
0.649094
0.649089
0.649084
0.649079
0.649074
0.649069
0.649064
0.649059
0.649054
0.649049
0.649044
0.64904
0.649035
0.64903
0.649025
0.64902
0.649015
0.64901
0.649005
0.649
0.648995
0.64899
0.648985
0.648981
0.648975
0.648971
0.648966
0.648961
0.648956
0.648951
0.648946
0.648941
0.648936
0.648931
0.648926
0.648921
0.648916
0.648911
0.648906
0.648901
0.648896
0.648892
0.648887
0.648882
0.648877
0.648872
0.648867
0.648862
0.648857
0.648852
0.648847
0.648842
0.648837
0.648832
0.648827
0.648823
0.648818
0.648813
0.648808
0.648803
0.648798
0.648793
0.648788
0.648783
0.648778
0.648773
0.648768
0.648764
0.648759
0.648754
0.648749
0.648744
0.648739
0.648734
0.648729
0.648724
0.648719
0.648714
0.648709
0.648704
0.6487
0.648694
0.64869
0.648685
0.64868
0.648675
0.64867
0.648665
0.64866
0.648655
0.64865
0.648645
0.64864
0.648636
0.648631
0.648626
0.648621
0.648616
0.648611
0.648606
0.648601
0.648596
0.648591
0.648586
0.648581
0.648577
0.648572
0.648567
0.648562
0.648557
0.648552
0.648547
0.648542
0.648537
0.648532
0.648527
0.648523
0.648518
0.648512
0.648508
0.648503
0.648498
0.648493
0.648488
0.648483
0.648478
0.648473
0.648468
0.648464
0.648458
0.648454
0.648449
0.648444
0.648439
0.648434
0.648429
0.648424
0.648419
0.648414
0.648409
0.648405
0.6484
0.648395
0.64839
0.648385
0.64838
0.648375
0.64837
0.648365
0.64836
0.648355
0.64835
0.648346
0.64834
0.648335
0.648331
0.648326
0.648321
0.648316
0.648311
0.648306
0.648301
0.648296
0.648291
0.648287
0.648282
0.648277
0.648272
0.648267
0.648262
0.648257
0.648252
0.648247
0.648242
0.648237
0.648232
0.648227
0.648223
0.648218
0.648213
0.648208
0.648203
0.648198
0.648193
0.648188
0.648183
0.648178
0.648173
0.648169
0.648164
0.648159
0.648154
0.648149
0.648144
0.648139
0.648134
0.648129
0.648125
0.64812
0.648114
0.648109
0.648105
0.6481
0.648095
0.64809
0.648085
0.64808
0.648075
0.648071
0.648065
0.64806
0.648055
0.648051
0.648046
0.648041
0.648036
0.648031
0.648026
0.648021
0.648017
0.648011
0.648007
0.648002
0.647997
0.647992
0.647987
0.647982
0.647977
0.647972
0.647967
0.647962
0.647957
0.647952
0.647948
0.647943
0.647938
0.647933
0.647928
0.647923
0.647918
0.647913
0.647908
0.647903
0.647899
0.647894
0.647889
0.647884
0.647879
0.647874
0.647869
0.647864
0.647859
0.647854
0.64785
0.647845
0.64784
0.647835
0.64783
0.647825
0.64782
0.647815
0.64781
0.647805
0.6478
0.647796
0.647791
0.647786
0.647781
0.647776
0.647771
0.647766
0.647761
0.647757
0.647752
0.647747
0.647742
0.647737
0.647732
0.647727
0.647722
0.647717
0.647712
0.647707
0.647702
0.647698
0.647693
0.647688
0.647683
0.647678
0.647673
0.647668
0.647663
0.647658
0.647653
0.647649
0.647643
0.647639
0.647634
0.647629
0.647624
0.647619
0.647614
0.647609
0.647604
0.6476
0.647595
0.64759
0.647585
0.64758
0.647575
0.64757
0.647565
0.64756
0.647555
0.647551
0.647546
0.647541
0.647536
0.647531
0.647526
0.647521
0.647516
0.647511
0.647507
0.647502
0.647497
0.647492
0.647487
0.647482
0.647477
0.647472
0.647467
0.647463
0.647458
0.647452
0.647448
0.647443
0.647438
0.647433
0.647428
0.647423
0.647419
0.647414
0.647408
0.647403
0.647399
0.647394
0.647389
0.647384
0.647379
0.647374
0.64737
0.647365
0.647359
0.647355
0.64735
0.647345
0.64734
0.647335
0.64733
0.647325
0.647321
0.647316
0.647311
0.647306
0.647301
0.647296
0.647291
0.647286
0.647281
0.647276
0.647271
0.647266
0.647262
0.647257
0.647252
0.647247
0.647242
0.647237
0.647232
0.647228
0.647223
0.647218
0.647213
0.647208
0.647203
0.647198
0.647193
0.647188
0.647184
0.647178
0.647174
0.647169
0.647164
0.647159
0.647154
0.647149
0.647144
0.647139
0.647134
0.64713
0.647125
0.64712
0.647115
0.64711
0.647105
0.6471
0.647095
0.647091
0.647086
0.647081
0.647076
0.647071
0.647066
0.647061
0.647056
0.647051
0.647047
0.647042
0.647037
0.647032
0.647027
0.647022
0.647017
0.647012
0.647007
0.647003
0.646998
0.646993
0.646988
0.646983
0.646978
0.646973
0.646968
0.646963
0.646958
0.646954
0.646949
0.646944
0.646939
0.646934
0.646929
0.646924
0.646919
0.646915
0.64691
0.646905
0.6469
0.646895
0.64689
0.646885
0.64688
0.646875
0.646871
0.646866
0.646861
0.646856
0.646851
0.646846
0.646841
0.646837
0.646832
0.646827
0.646822
0.646817
0.646812
0.646807
0.646802
0.646797
0.646792
0.646788
0.646783
0.646778
0.646773
0.646768
0.646763
0.646758
0.646753
0.646748
0.646744
0.646739
0.646734
0.646729
0.646724
0.646719
0.646714
0.64671
0.646704
0.6467
0.646695
0.64669
0.646685
0.64668
0.646675
0.64667
0.646666
0.64666
0.646656
0.646651
0.646646
0.646641
0.646636
0.646631
0.646626
0.646622
0.646617
0.646612
0.646607
0.646602
0.646597
0.646592
0.646588
0.646583
0.646578
0.646573
0.646568
0.646563
0.646558
0.646553
0.646549
0.646544
0.646539
0.646534
0.646529
0.646524
0.646519
0.646514
0.646509
0.646505
0.6465
0.646495
0.64649
0.646485
0.64648
0.646475
0.64647
0.646465
0.646461
0.646456
0.646451
0.646446
0.646441
0.646436
0.646432
0.646427
0.646421
0.646417
0.646412
0.646407
0.646402
0.646397
0.646392
0.646388
0.646383
0.646378
0.646373
0.646368
0.646363
0.646358
0.646353
0.646349
0.646344
0.646339
0.646334
0.646329
0.646324
0.646319
0.646315
0.646309
0.646305
0.6463
0.646295
0.64629
0.646285
0.64628
0.646275
0.646271
0.646266
0.646261
0.646256
0.646251
0.646246
0.646241
0.646237
0.646232
0.646227
0.646221
0.646217
0.646212
0.646207
0.646202
0.646198
0.646193
0.646188
0.646183
0.646178
0.646173
0.646168
0.646163
0.646158
0.646153
0.646149
0.646144
0.646139
0.646134
0.646129
0.646125
0.64612
0.646115
0.64611
0.646105
0.6461
0.646095
0.64609
0.646086
0.646081
0.646076
0.646071
0.646066
0.646061
0.646056
0.646051
0.646046
0.646042
0.646037
0.646032
0.646027
0.646022
0.646017
0.646012
0.646007
0.646003
0.645998
0.645993
0.645988
0.645983
0.645978
0.645973
0.645968
0.645964
0.645959
0.645954
0.645949
0.645944
0.645939
0.645935
0.64593
0.645925
0.64592
0.645915
0.64591
0.645905
0.6459
0.645896
0.645891
0.645886
0.645881
0.645876
0.645871
0.645866
0.645862
0.645857
0.645852
0.645847
0.645842
0.645837
0.645832
0.645828
0.645823
0.645818
0.645813
0.645808
0.645804
0.645798
0.645793
0.645788
0.645784
0.645779
0.645774
0.645769
0.645764
0.645759
0.645755
0.64575
0.645745
0.64574
0.645735
0.64573
0.645726
0.645721
0.645716
0.645711
0.645706
0.645701
0.645696
0.645691
0.645687
0.645682
0.645677
0.645672
0.645667
0.645662
0.645658
0.645652
0.645648
0.645643
0.645638
0.645633
0.645628
0.645624
0.645618
0.645613
0.645609
0.645604
0.645599
0.645594
0.645589
0.645584
0.64558
0.645575
0.64557
0.645565
0.64556
0.645555
0.645551
0.645546
0.645541
0.645536
0.645531
0.645526
0.645521
0.645517
0.645512
0.645507
0.645502
0.645497
0.645492
0.645487
0.645483
0.645478
0.645473
0.645468
0.645463
0.645458
0.645453
0.645448
0.645443
0.645439
0.645434
0.645429
0.645424
0.645419
0.645414
0.64541
0.645405
0.6454
0.645395
0.64539
0.645385
0.64538
0.645376
0.645371
0.645366
0.645361
0.645356
0.645351
0.645347
0.645342
0.645337
0.645332
0.645327
0.645322
0.645318
0.645312
0.645308
0.645303
0.645298
0.645293
0.645288
0.645283
0.645278
0.645274
0.645269
0.645264
0.645259
0.645254
0.64525
0.645245
0.64524
0.645235
0.64523
0.645225
0.64522
0.645215
0.645211
0.645206
0.645201
0.645196
0.645191
0.645187
0.645182
0.645177
0.645172
0.645167
0.645162
0.645157
0.645152
0.645148
0.645143
0.645138
0.645133
0.645128
0.645123
0.645119
0.645114
0.645109
0.645104
0.645099
0.645094
0.645089
0.645085
0.64508
0.645075
0.64507
0.645065
0.64506
0.645056
0.64505
0.645046
0.645041
0.645036
0.645031
0.645027
0.645021
0.645016
0.645012
0.645007
0.645002
0.644998
0.644993
0.644987
0.644983
0.644978
0.644973
0.644968
0.644963
0.644958
0.644954
0.644949
0.644944
0.644939
0.644935
0.64493
0.644925
0.64492
0.644915
0.64491
0.644905
0.644901
0.644895
0.64489
0.644886
0.644881
0.644876
0.644871
0.644867
0.644862
0.644857
0.644852
0.644847
0.644842
0.644837
0.644832
0.644828
0.644823
0.644818
0.644813
0.644808
0.644803
0.644799
0.644794
0.644789
0.644784
0.644779
0.644774
0.64477
0.644765
0.64476
0.644755
0.64475
0.644746
0.64474
0.644736
0.644731
0.644726
0.644721
0.644716
0.644712
0.644707
0.644702
0.644697
0.644692
0.644687
0.644682
0.644678
0.644673
0.644668
0.644663
0.644658
0.644654
0.644648
0.644644
0.644639
0.644634
0.644629
0.644624
0.64462
0.644615
0.64461
0.644605
0.6446
0.644595
0.644591
0.644586
0.644581
0.644576
0.644571
0.644566
0.644561
0.644557
0.644552
0.644547
0.644542
0.644537
0.644532
0.644528
0.644523
0.644518
0.644513
0.644508
0.644504
0.644498
0.644494
0.644489
0.644484
0.644479
0.644474
0.64447
0.644465
0.64446
0.644455
0.64445
0.644445
0.644441
0.644436
0.644431
0.644426
0.644421
0.644417
0.644412
0.644407
0.644402
0.644397
0.644392
0.644388
0.644382
0.644378
0.644373
0.644368
0.644363
0.644359
0.644354
0.644349
0.644344
0.644339
0.644334
0.644329
0.644324
0.64432
0.644315
0.64431
0.644305
0.6443
0.644296
0.644291
0.644286
0.644281
0.644276
0.644272
0.644267
0.644262
0.644257
0.644252
0.644247
0.644242
0.644238
0.644233
0.644228
0.644223
0.644218
0.644214
0.644209
0.644204
0.644199
0.644194
0.644189
0.644184
0.64418
0.644175
0.64417
0.644165
0.64416
0.644155
0.644151
0.644146
0.644141
0.644136
0.644131
0.644126
0.644122
0.644117
0.644112
0.644107
0.644102
0.644097
0.644093
0.644088
0.644083
0.644078
0.644073
0.644069
0.644064
0.644059
0.644054
0.644049
0.644044
0.64404
0.644035
0.64403
0.644025
0.64402
0.644016
0.644011
0.644006
0.644001
0.643996
0.643992
0.643986
0.643982
0.643977
0.643972
0.643967
0.643962
0.643957
0.643953
0.643948
0.643943
0.643938
0.643933
0.643929
0.643924
0.643919
0.643914
0.643909
0.643904
0.6439
0.643895
0.64389
0.643885
0.64388
0.643875
0.643871
0.643866
0.643861
0.643857
0.643851
0.643846
0.643842
0.643837
0.643832
0.643827
0.643823
0.643818
0.643813
0.643808
0.643803
0.643798
0.643793
0.643788
0.643784
0.643779
0.643774
0.643769
0.643765
0.64376
0.643755
0.64375
0.643745
0.643741
0.643736
0.643731
0.643726
0.643721
0.643716
0.643711
0.643707
0.643702
0.643697
0.643692
0.643687
0.643683
0.643678
0.643673
0.643668
0.643664
0.643658
0.643654
0.643649
0.643644
0.643639
0.643635
0.64363
0.643625
0.64362
0.643615
0.64361
0.643605
0.643601
0.643596
0.643591
0.643586
0.643581
0.643577
0.643572
0.643567
0.643562
0.643557
0.643553
0.643548
0.643543
0.643538
0.643533
0.643528
0.643524
0.643519
0.643514
0.643509
0.643504
0.643499
0.643495
0.64349
0.643485
0.64348
0.643475
0.64347
0.643466
0.643461
0.643456
0.643451
0.643447
0.643442
0.643437
0.643432
0.643427
0.643423
0.643418
0.643413
0.643408
0.643403
0.643398
0.643393
0.643389
0.643384
0.643379
0.643374
0.64337
0.643365
0.64336
0.643355
0.64335
0.643345
0.643341
0.643336
0.643331
0.643326
0.643321
0.643317
0.643312
0.643307
0.643302
0.643297
0.643292
0.643288
0.643283
0.643278
0.643273
0.643269
0.643264
0.643259
0.643254
0.643249
0.643244
0.643239
0.643235
0.64323
0.643225
0.64322
0.643216
0.643211
0.643206
0.643201
0.643196
0.643191
0.643187
0.643182
0.643177
0.643172
0.643167
0.643163
0.643158
0.643153
0.643148
0.643143
0.643138
0.643134
0.643129
0.643124
0.643119
0.643115
0.643109
0.643105
0.6431
0.643095
0.64309
0.643086
0.643081
0.643076
0.643071
0.643066
0.643062
0.643057
0.643052
0.643047
0.643042
0.643038
0.643033
0.643028
0.643023
0.643018
0.643013
0.643009
0.643004
0.642999
0.642994
0.64299
0.642985
0.64298
0.642975
0.64297
0.642965
0.642961
0.642956
0.642951
0.642946
0.642941
0.642937
0.642932
0.642927
0.642922
0.642917
0.642913
0.642908
0.642903
0.642898
0.642893
0.642888
0.642884
0.642879
0.642874
0.642869
0.642864
0.64286
0.642855
0.64285
0.642845
0.642841
0.642836
0.642831
0.642826
0.642822
0.642816
0.642811
0.642807
0.642802
0.642798
0.642793
0.642788
0.642783
0.642778
0.642773
0.642768
0.642764
0.642759
0.642754
0.642749
0.642744
0.64274
0.642735
0.64273
0.642726
0.642721
0.642716
0.642711
0.642706
0.642701
0.642697
0.642692
0.642687
0.642682
0.642677
0.642672
0.642668
0.642663
0.642658
0.642653
0.642649
0.642643
0.642639
0.642634
0.642629
0.642625
0.64262
0.642615
0.64261
0.642605
0.6426
0.642596
0.642591
0.642586
0.642581
0.642577
0.642572
0.642567
0.642562
0.642557
0.642553
0.642548
0.642543
0.642538
0.642533
0.642528
0.642524
0.642519
0.642514
0.64251
0.642505
0.6425
0.642495
0.64249
0.642485
0.642481
0.642476
0.642471
0.642466
0.642462
0.642456
0.642452
0.642447
0.642442
0.642437
0.642433
0.642428
0.642423
0.642418
0.642413
0.642409
0.642404
0.642399
0.642394
0.64239
0.642385
0.64238
0.642375
0.64237
0.642365
0.642361
0.642356
0.642351
0.642346
0.642342
0.642337
0.642332
0.642327
0.642322
0.642318
0.642313
0.642308
0.642303
0.642298
0.642294
0.642289
0.642284
0.642279
0.642275
0.64227
0.642265
0.64226
0.642255
0.642251
0.642246
0.642241
0.642236
0.642231
0.642226
0.642222
0.642217
0.642212
0.642207
0.642202
0.642198
0.642193
0.642188
0.642183
0.642179
0.642174
0.642169
0.642164
0.64216
0.642155
0.64215
0.642145
0.64214
0.642136
0.642131
0.642126
0.642121
0.642116
0.642112
0.642107
0.642102
0.642097
0.642092
0.642088
0.642083
0.642078
0.642073
0.642069
0.642064
0.642059
0.642054
0.642049
0.642045
0.64204
0.642035
0.64203
0.642025
0.642021
0.642016
0.642011
0.642006
0.642002
0.641997
0.641992
0.641987
0.641982
0.641977
0.641973
0.641968
0.641963
0.641958
0.641954
0.641949
0.641944
0.641939
0.641934
0.64193
0.641925
0.64192
0.641915
0.641911
0.641906
0.641901
0.641896
0.641892
0.641887
0.641882
0.641877
0.641872
0.641868
0.641863
0.641858
0.641853
0.641848
0.641844
0.641839
0.641834
0.641829
0.641824
0.64182
0.641815
0.64181
0.641805
0.641801
0.641796
0.641791
0.641786
0.641781
0.641777
0.641772
0.641767
0.641762
0.641758
0.641753
0.641748
0.641743
0.641738
0.641734
0.641729
0.641724
0.641719
0.641715
0.64171
0.641705
0.6417
0.641695
0.641691
0.641686
0.641681
0.641676
0.641671
0.641667
0.641662
0.641657
0.641652
0.641648
0.641643
0.641638
0.641633
0.641628
0.641624
0.641619
0.641614
0.641609
0.641605
0.6416
0.641595
0.64159
0.641585
0.641581
0.641576
0.641571
0.641567
0.641561
0.641557
0.641552
0.641547
0.641543
0.641538
0.641533
0.641528
0.641523
0.641519
0.641514
0.641509
0.641504
0.641499
0.641495
0.64149
0.641485
0.641481
0.641475
0.641471
0.641466
0.641461
0.641456
0.641452
0.641447
0.641442
0.641438
0.641433
0.641428
0.641423
0.641418
0.641413
0.641409
0.641404
0.641399
0.641395
0.64139
0.641385
0.64138
0.641375
0.641371
0.641366
0.641361
0.641356
0.641351
0.641347
0.641342
0.641337
0.641332
0.641328
0.641323
0.641318
0.641313
0.641308
0.641304
0.641299
0.641294
0.641289
0.641285
0.64128
0.641275
0.64127
0.641266
0.641261
0.641256
0.641251
0.641246
0.641242
0.641237
0.641232
0.641228
0.641222
0.641218
0.641213
0.641208
0.641203
0.641199
0.641194
0.641189
0.641184
0.641179
0.641175
0.64117
0.641165
0.641161
0.641156
0.641151
0.641146
0.641141
0.641137
0.641132
0.641127
0.641122
0.641118
0.641113
0.641108
0.641103
0.641099
0.641094
0.641089
0.641084
0.64108
0.641075
0.64107
0.641065
0.64106
0.641056
0.641051
0.641046
0.641041
0.641036
0.641032
0.641027
0.641022
0.641018
0.641013
0.641008
0.641003
0.640999
0.640994
0.640989
0.640984
0.640979
0.640975
0.64097
0.640965
0.64096
0.640956
0.640951
0.640946
0.640942
0.640937
0.640932
0.640927
0.640922
0.640917
0.640913
0.640908
0.640903
0.640899
0.640894
0.640889
0.640884
0.640879
0.640875
0.64087
0.640865
0.64086
0.640856
0.640851
0.640846
0.640841
0.640837
0.640832
0.640827
0.640822
0.640818
0.640813
0.640808
0.640803
0.640798
0.640794
0.640789
0.640784
0.640779
0.640774
0.64077
0.640765
0.64076
0.640756
0.640751
0.640746
0.640741
0.640737
0.640732
0.640727
0.640722
0.640718
0.640713
0.640708
0.640703
0.640699
0.640694
0.640689
0.640684
0.640679
0.640675
0.64067
0.640665
0.64066
0.640656
0.640651
0.640646
0.640641
0.640636
0.640632
0.640627
0.640622
0.640618
0.640612
0.640608
0.640603
0.640599
0.640594
0.640589
0.640584
0.640579
0.640575
0.64057
0.640565
0.640561
0.640556
0.640551
0.640546
0.640542
0.640537
0.640532
0.640527
0.640522
0.640518
0.640513
0.640508
0.640504
0.640499
0.640494
0.640489
0.640484
0.640479
0.640475
0.64047
0.640465
0.640461
0.640456
0.640451
0.640446
0.640441
0.640437
0.640432
0.640427
0.640422
0.640418
0.640413
0.640408
0.640403
0.640399
0.640394
0.640389
0.640384
0.64038
0.640375
0.64037
0.640365
0.640361
0.640356
Predictions(GD) 	 True Value
1			 0
0			 0
1			 1
1			 0
1			 1
0			 0
1			 1
0			 0
1			 1
1			 1
1			 1
1			 1
1			 1
1			 1
1			 1
1			 1
1			 1
1			 1
1			 1
1			 1
1			 1
1			 1
0			 0
0			 0
1			 1
1			 1
0			 0
0			 0
1			 1
1			 1
0			 0
0			 0
1			 1
1			 0
1			 1
1			 1
0			 0
0			 0
1			 1
1			 1
0			 0
1			 0
1			 0
1			 0
1			 1
1			 1
1			 1
1			 1
1			 1
0			 0
1			 1
1			 1
1			 1
1			 1
1			 1
1			 0
0			 0
1			 1
1			 1
1			 1
1			 1
0			 0
1			 1
1			 1
0			 0
1			 0
1			 1
1			 1
1			 0
1			 1
0			 0
1			 1
1			 0
0			 0
1			 1
1			 1
1			 1
1			 1
1			 1
1			 1
0			 0
1			 1
1			 1
1			 1
0			 0
1			 1
1			 1
0			 0
1			 1
0			 0
0			 0
0			 0
1			 1
0			 0
1			 1
0			 0
1			 1
1			 1
1			 1
0			 0
1			 1
0			 0
1			 1
1			 1
1			 1
1			 1
0			 0
0			 0
0			 0
1			 1
0			 0
1			 1
1			 1
0			 0
1			 1
1			 1
0			 0
1			 1
1			 0
0			 0
0			 0
1			 1
1			 1
1			 0
1			 1
0			 0
1			 1
1			 1
0			 0
1			 1
1			 1
1			 1
1			 1
0			 0
1			 0
0			 0
1			 1
1			 1
0			 0
1			 0
1			 0
1			 1
1			 1
1			 1
1			 0
1			 1
1			 1
0			 0
1			 1
1			 0
0			 0
1			 1
1			 1
1			 0
1			 1
1			 1
0			 0
1			 0
0			 0
0			 0
1			 1
1			 1
1			 1
1			 1
1			 1
1			 1
1			 0
1			 1
0			 0
1			 1
0			 0
1			 1
1			 1
0			 0
1			 1
0			 0
1			 1
1			 1
1			 1
1			 1
1			 1
1			 1
1			 1
1			 1
1			 1
0			 0
1			 1
1			 1
0			 0
1			 1
0			 0
1			 0
0			 0
1			 1
1			 1
1			 1
1			 1
1			 1
1			 1
1			 0
Testing loss 0.63268
Testing accuracy 0.89
