Training Loss
5.00793
5.00073
4.99355
4.98637
4.97921
4.97205
4.9649
4.95777
4.95064
4.94352
4.93641
4.92931
4.92222
4.91514
4.90806
4.901
4.89395
4.8869
4.87987
4.87284
4.86582
4.85882
4.85182
4.84483
4.83785
4.83087
4.82391
4.81696
4.81001
4.80308
4.79615
4.78924
4.78233
4.77543
4.76854
4.76166
4.75479
4.74793
4.74107
4.73423
4.72739
4.72056
4.71375
4.70694
4.70014
4.69335
4.68656
4.67979
4.67303
4.66627
4.65952
4.65279
4.64606
4.63934
4.63263
4.62592
4.61923
4.61254
4.60587
4.5992
4.59254
4.58589
4.57925
4.57262
4.56599
4.55938
4.55277
4.54617
4.53959
4.533
4.52643
4.51987
4.51332
4.50677
4.50023
4.4937
4.48718
4.48067
4.47417
4.46767
4.46119
4.45471
4.44824
4.44178
4.43533
4.42889
4.42245
4.41602
4.40961
4.4032
4.3968
4.3904
4.38402
4.37764
4.37128
4.36492
4.35857
4.35222
4.34589
4.33956
4.33325
4.32694
4.32064
4.31434
4.30806
4.30178
4.29552
4.28926
4.28301
4.27676
4.27053
4.2643
4.25809
4.25188
4.24567
4.23948
4.23329
4.22712
4.22095
4.21479
4.20863
4.20249
4.19635
4.19023
4.18411
4.17799
4.17189
4.16579
4.1597
4.15362
4.14755
4.14149
4.13543
4.12939
4.12335
4.11731
4.11129
4.10527
4.09927
4.09327
4.08727
4.08129
4.07531
4.06934
4.06338
4.05743
4.05149
4.04555
4.03962
4.0337
4.02779
4.02188
4.01598
4.01009
4.00421
3.99834
3.99247
3.98661
3.98076
3.97492
3.96908
3.96326
3.95744
3.95162
3.94582
3.94002
3.93423
3.92845
3.92268
3.91691
3.91115
3.9054
3.89966
3.89392
3.8882
3.88248
3.87676
3.87106
3.86536
3.85967
3.85399
3.84831
3.84265
3.83699
3.83133
3.82569
3.82005
3.81442
3.8088
3.80319
3.79758
3.79198
3.78639
3.7808
3.77522
3.76965
3.76409
3.75854
3.75299
3.74745
3.74191
3.73639
3.73087
3.72536
3.71985
3.71436
3.70887
3.70339
3.69791
3.69245
3.68699
3.68153
3.67609
3.67065
3.66522
3.6598
3.65438
3.64897
3.64357
3.63817
3.63279
3.62741
3.62203
3.61667
3.61131
3.60596
3.60061
3.59527
3.58994
3.58462
3.57931
3.574
3.56869
3.5634
3.55811
3.55283
3.54756
3.54229
3.53703
3.53178
3.52653
3.5213
3.51606
3.51084
3.50562
3.50041
3.49521
3.49001
3.48482
3.47964
3.47446
3.4693
3.46413
3.45898
3.45383
3.44869
3.44356
3.43843
3.43331
3.4282
3.42309
3.41799
3.4129
3.40781
3.40273
3.39766
3.39259
3.38753
3.38248
3.37743
3.3724
3.36736
3.36234
3.35732
3.35231
3.3473
3.34231
3.33731
3.33233
3.32735
3.32238
3.31742
3.31246
3.30751
3.30256
3.29762
3.29269
3.28777
3.28285
3.27794
3.27303
3.26813
3.26324
3.25836
3.25348
3.24861
3.24374
3.23888
3.23403
3.22918
3.22434
3.21951
3.21468
3.20986
3.20505
3.20024
3.19544
3.19065
3.18586
3.18108
3.17631
3.17154
3.16678
3.16202
3.15727
3.15253
3.14779
3.14306
3.13834
3.13362
3.12891
3.12421
3.11951
3.11482
3.11013
3.10545
3.10078
3.09612
3.09146
3.0868
3.08215
3.07751
3.07288
3.06825
3.06363
3.05901
3.0544
3.0498
3.0452
3.04061
3.03602
3.03145
3.02687
3.02231
3.01775
3.01319
3.00864
3.0041
2.99957
2.99504
2.99051
2.986
2.98149
2.97698
2.97248
2.96799
2.9635
2.95902
2.95455
2.95008
2.94562
2.94116
2.93671
2.93227
2.92783
2.9234
2.91897
2.91455
2.91014
2.90573
2.90132
2.89693
2.89254
2.88815
2.88378
2.8794
2.87504
2.87068
2.86632
2.86197
2.85763
2.85329
2.84896
2.84464
2.84032
2.836
2.8317
2.8274
2.8231
2.81881
2.81453
2.81025
2.80597
2.80171
2.79745
2.79319
2.78894
2.7847
2.78046
2.77623
2.772
2.76778
2.76357
2.75936
2.75516
2.75096
2.74677
2.74258
2.7384
2.73423
2.73006
2.72589
2.72174
2.71758
2.71344
2.7093
2.70516
2.70103
2.69691
2.69279
2.68868
2.68457
2.68047
2.67638
2.67229
2.6682
2.66412
2.66005
2.65598
2.65192
2.64786
2.64381
2.63977
2.63573
2.63169
2.62766
2.62364
2.61962
2.61561
2.6116
2.6076
2.60361
2.59962
2.59563
2.59165
2.58768
2.58371
2.57975
2.57579
2.57183
2.56789
2.56395
2.56001
2.55608
2.55215
2.54823
2.54432
2.54041
2.53651
2.53261
2.52872
2.52483
2.52095
2.51707
2.5132
2.50933
2.50547
2.50161
2.49776
2.49392
2.49008
2.48624
2.48241
2.47859
2.47477
2.47096
2.46715
2.46334
2.45955
2.45575
2.45197
2.44818
2.44441
2.44063
2.43687
2.43311
2.42935
2.4256
2.42185
2.41811
2.41438
2.41065
2.40692
2.4032
2.39948
2.39577
2.39207
2.38837
2.38468
2.38099
2.3773
2.37362
2.36995
2.36628
2.36261
2.35895
2.3553
2.35165
2.34801
2.34437
2.34073
2.33711
2.33348
2.32986
2.32625
2.32264
2.31904
2.31544
2.31184
2.30825
2.30467
2.30109
2.29752
2.29395
2.29038
2.28682
2.28327
2.27972
2.27617
2.27264
2.2691
2.26557
2.26205
2.25853
2.25501
2.2515
2.24799
2.24449
2.241
2.23751
2.23402
2.23054
2.22706
2.22359
2.22012
2.21666
2.21321
2.20975
2.20631
2.20286
2.19942
2.19599
2.19256
2.18914
2.18572
2.18231
2.1789
2.17549
2.17209
2.1687
2.16531
2.16192
2.15854
2.15516
2.15179
2.14842
2.14506
2.1417
2.13835
2.135
2.13166
2.12832
2.12498
2.12166
2.11833
2.11501
2.11169
2.10838
2.10508
2.10177
2.09848
2.09518
2.0919
2.08861
2.08533
2.08206
2.07879
2.07552
2.07226
2.06901
2.06575
2.06251
2.05926
2.05603
2.05279
2.04956
2.04634
2.04312
2.0399
2.03669
2.03349
2.03028
2.02709
2.02389
2.0207
2.01752
2.01434
2.01117
2.00799
2.00483
2.00167
1.99851
1.99536
1.99221
1.98906
1.98592
1.98279
1.97966
1.97653
1.97341
1.97029
1.96718
1.96407
1.96096
1.95786
1.95476
1.95167
1.94859
1.9455
1.94242
1.93935
1.93628
1.93321
1.93015
1.92709
1.92404
1.92099
1.91795
1.91491
1.91187
1.90884
1.90581
1.90279
1.89977
1.89676
1.89375
1.89074
1.88774
1.88474
1.88175
1.87876
1.87577
1.87279
1.86982
1.86684
1.86387
1.86091
1.85795
1.855
1.85204
1.8491
1.84615
1.84321
1.84028
1.83735
1.83442
1.8315
1.82858
1.82567
1.82276
1.81985
1.81695
1.81405
1.81116
1.80827
1.80538
1.8025
1.79962
1.79675
1.79388
1.79102
1.78815
1.7853
1.78244
1.77959
1.77675
1.77391
1.77107
1.76824
1.76541
1.76258
1.75976
1.75695
1.75413
1.75133
1.74852
1.74572
1.74292
1.74013
1.73734
1.73455
1.73177
1.729
1.72622
1.72345
1.72069
1.71793
1.71517
1.71242
1.70967
1.70692
1.70418
1.70144
1.69871
1.69597
1.69325
1.69053
1.68781
1.68509
1.68238
1.67967
1.67697
1.67427
1.67158
1.66888
1.6662
1.66351
1.66083
1.65816
1.65548
1.65281
1.65015
1.64749
1.64483
1.64218
1.63953
1.63688
1.63424
1.6316
1.62897
1.62633
1.62371
1.62108
1.61846
1.61585
1.61324
1.61063
1.60802
1.60542
1.60282
1.60023
1.59764
1.59505
1.59247
1.58989
1.58732
1.58475
1.58218
1.57961
1.57705
1.5745
1.57194
1.56939
1.56685
1.56431
1.56177
1.55923
1.5567
1.55417
1.55165
1.54913
1.54661
1.5441
1.54159
1.53908
1.53658
1.53408
1.53159
1.52909
1.52661
1.52412
1.52164
1.51916
1.51669
1.51422
1.51175
1.50929
1.50683
1.50437
1.50192
1.49947
1.49703
1.49458
1.49215
1.48971
1.48728
1.48485
1.48243
1.48001
1.47759
1.47517
1.47276
1.47036
1.46795
1.46555
1.46316
1.46076
1.45837
1.45599
1.4536
1.45122
1.44885
1.44648
1.44411
1.44174
1.43938
1.43702
1.43466
1.43231
1.42996
1.42762
1.42528
1.42294
1.4206
1.41827
1.41594
1.41362
1.4113
1.40898
1.40666
1.40435
1.40204
1.39974
1.39744
1.39514
1.39284
1.39055
1.38826
1.38598
1.3837
1.38142
1.37914
1.37687
1.3746
1.37234
1.37008
1.36782
1.36556
1.36331
1.36106
1.35882
1.35657
1.35433
1.3521
1.34987
1.34764
1.34541
1.34319
1.34097
1.33875
1.33654
1.33433
1.33212
1.32992
1.32772
1.32552
1.32333
1.32114
1.31895
1.31676
1.31458
1.31241
1.31023
1.30806
1.30589
1.30373
1.30156
1.2994
1.29725
1.2951
1.29295
1.2908
1.28866
1.28652
1.28438
1.28225
1.28012
1.27799
1.27586
1.27374
1.27162
1.26951
1.2674
1.26529
1.26318
1.26108
1.25898
1.25688
1.25479
1.2527
1.25061
1.24853
1.24644
1.24437
1.24229
1.24022
1.23815
1.23608
1.23402
1.23196
1.2299
1.22785
1.2258
1.22375
1.2217
1.21966
1.21762
1.21559
1.21355
1.21152
1.2095
1.20747
1.20545
1.20343
1.20142
1.19941
1.1974
1.19539
1.19339
1.19139
1.18939
1.18739
1.1854
1.18341
1.18143
1.17945
1.17747
1.17549
1.17351
1.17154
1.16958
1.16761
1.16565
1.16369
1.16173
1.15978
1.15783
1.15588
1.15393
1.15199
1.15005
1.14812
1.14618
1.14425
1.14232
1.1404
1.13848
1.13656
1.13464
1.13273
1.13081
1.12891
1.127
1.1251
1.1232
1.1213
1.11941
1.11752
1.11563
1.11374
1.11186
1.10998
1.1081
1.10623
1.10436
1.10249
1.10062
1.09876
1.0969
1.09504
1.09319
1.09133
1.08948
1.08764
1.08579
1.08395
1.08211
1.08028
1.07844
1.07661
1.07479
1.07296
1.07114
1.06932
1.0675
1.06569
1.06388
1.06207
1.06026
1.05846
1.05666
1.05486
1.05307
1.05127
1.04948
1.0477
1.04591
1.04413
1.04235
1.04057
1.0388
1.03703
1.03526
1.03349
1.03173
1.02997
1.02821
1.02646
1.0247
1.02295
1.02121
1.01946
1.01772
1.01598
1.01424
1.01251
1.01078
1.00905
1.00732
1.0056
1.00387
1.00216
1.00044
0.998725
0.997014
0.995306
0.993599
0.991896
0.990195
0.988496
0.986801
0.985107
0.983416
0.981728
0.980043
0.978359
0.976679
0.975001
0.973325
0.971652
0.969981
0.968313
0.966648
0.964985
0.963324
0.961666
0.960011
0.958358
0.956707
0.955059
0.953414
0.951771
0.95013
0.948492
0.946856
0.945223
0.943593
0.941964
0.940339
0.938715
0.937094
0.935476
0.93386
0.932246
0.930635
0.929027
0.927421
0.925817
0.924215
0.922616
0.92102
0.919426
0.917834
0.916245
0.914658
0.913074
0.911492
0.909912
0.908335
0.90676
0.905187
0.903617
0.902049
0.900484
0.898921
0.897361
0.895802
0.894247
0.892693
0.891142
0.889593
0.888047
0.886503
0.884961
0.883422
0.881885
0.88035
0.878818
0.877288
0.87576
0.874235
0.872712
0.871191
0.869673
0.868157
0.866643
0.865131
0.863622
0.862115
0.860611
0.859109
0.857609
0.856111
0.854616
0.853123
0.851632
0.850143
0.848657
0.847173
0.845691
0.844212
0.842735
0.84126
0.839787
0.838317
0.836849
0.835383
0.833919
0.832458
0.830998
0.829541
0.828087
0.826634
0.825184
0.823736
0.82229
0.820847
0.819405
0.817966
0.816529
0.815094
0.813662
0.812232
0.810803
0.809378
0.807954
0.806532
0.805113
0.803696
0.802281
0.800868
0.799457
0.798049
0.796642
0.795238
0.793836
0.792437
0.791039
0.789643
0.78825
0.786859
0.78547
0.784083
0.782698
0.781316
0.779935
0.778557
0.77718
0.775806
0.774434
0.773065
0.771697
0.770331
0.768968
0.767606
0.766247
0.76489
0.763535
0.762182
0.760831
0.759482
0.758135
0.756791
0.755448
0.754108
0.752769
0.751433
0.750099
0.748767
0.747437
0.746108
0.744783
0.743459
0.742137
0.740817
0.739499
0.738184
0.73687
0.735558
0.734249
0.732941
0.731636
0.730332
0.729031
0.727732
0.726434
0.725139
0.723845
0.722554
0.721265
0.719978
0.718692
0.717409
0.716128
0.714848
0.713571
0.712296
0.711023
0.709751
0.708482
0.707215
0.705949
0.704686
0.703425
0.702165
0.700908
0.699652
0.698399
0.697147
0.695898
0.69465
0.693404
0.692161
0.690919
0.689679
0.688441
0.687205
0.685971
0.684739
0.683509
0.682281
0.681055
0.67983
0.678608
0.677387
0.676169
0.674952
0.673737
0.672525
0.671314
0.670105
0.668898
0.667692
0.666489
0.665288
0.664088
0.662891
0.661695
0.660501
0.659309
0.658119
0.656931
0.655744
0.65456
0.653377
0.652197
0.651018
0.649841
0.648666
0.647492
0.646321
0.645151
0.643984
0.642818
0.641654
0.640492
0.639331
0.638173
0.637016
0.635861
0.634708
0.633557
0.632408
0.63126
0.630114
0.628971
0.627829
0.626688
0.62555
0.624413
0.623278
0.622145
0.621014
0.619885
0.618757
0.617631
0.616507
0.615385
0.614264
0.613146
0.612029
0.610914
0.6098
0.608689
0.607579
0.606471
0.605365
0.60426
0.603158
0.602057
0.600957
0.59986
0.598764
0.59767
0.596578
0.595488
0.594399
0.593312
0.592227
0.591143
0.590062
0.588982
0.587903
0.586827
0.585752
0.584679
0.583607
0.582538
0.58147
0.580403
0.579339
0.578276
0.577215
0.576156
0.575098
0.574042
0.572988
0.571935
0.570884
0.569835
0.568787
0.567741
0.566697
0.565655
0.564614
0.563575
0.562537
0.561501
0.560467
0.559435
0.558404
0.557375
0.556347
0.555322
0.554297
0.553275
0.552254
0.551235
0.550217
0.549201
0.548187
0.547175
0.546164
0.545154
0.544147
0.54314
0.542136
0.541133
0.540132
0.539132
0.538135
0.537138
0.536143
0.53515
0.534159
0.533169
0.532181
0.531194
0.530209
0.529226
0.528244
0.527263
0.526285
0.525308
0.524332
0.523358
0.522386
0.521415
0.520446
0.519478
0.518512
0.517548
0.516585
0.515624
0.514664
0.513706
0.512749
0.511794
0.510841
0.509889
0.508939
0.50799
0.507043
0.506097
0.505153
0.50421
0.503269
0.50233
0.501392
0.500455
0.49952
0.498587
0.497655
0.496725
0.495796
0.494869
0.493943
0.493019
0.492096
0.491175
0.490255
0.489337
0.488421
0.487506
0.486592
0.48568
0.484769
0.48386
0.482952
0.482046
0.481142
0.480238
0.479337
0.478437
0.477538
0.476641
0.475745
0.474851
0.473958
0.473067
0.472177
0.471289
0.470402
0.469516
0.468632
0.46775
0.466869
0.465989
0.465111
0.464234
0.463359
0.462485
0.461613
0.460742
0.459873
0.459005
0.458138
0.457273
0.45641
0.455547
0.454687
0.453827
0.452969
0.452113
0.451258
0.450404
0.449552
0.448701
0.447852
0.447004
0.446157
0.445312
0.444468
0.443626
0.442785
0.441946
0.441107
0.440271
0.439435
0.438601
0.437769
0.436938
0.436108
0.43528
0.434453
0.433627
0.432803
0.43198
0.431159
0.430338
0.42952
0.428702
0.427886
0.427072
0.426259
0.425447
0.424636
0.423827
0.423019
0.422213
0.421408
0.420604
0.419802
0.419001
0.418201
0.417403
0.416606
0.41581
0.415016
0.414223
0.413431
0.412641
0.411852
0.411065
0.410278
0.409493
0.40871
0.407928
0.407147
0.406367
0.405589
0.404812
0.404036
0.403261
0.402488
0.401717
0.400946
0.400177
0.399409
0.398643
0.397877
0.397113
0.396351
0.395589
0.394829
0.394071
0.393313
0.392557
0.391802
0.391048
0.390296
0.389545
0.388795
0.388047
0.3873
0.386554
0.385809
0.385065
0.384323
0.383582
0.382843
0.382105
0.381367
0.380632
0.379897
0.379164
0.378432
0.377701
0.376971
0.376243
0.375516
0.37479
0.374066
0.373342
0.37262
0.371899
0.37118
0.370461
0.369744
0.369028
0.368314
0.3676
0.366888
0.366177
0.365467
0.364759
0.364051
0.363345
0.36264
0.361937
0.361234
0.360533
0.359833
0.359134
0.358436
0.35774
0.357045
0.356351
0.355658
0.354966
0.354276
0.353586
0.352898
0.352212
0.351526
0.350841
0.350158
0.349476
0.348795
0.348115
0.347437
0.346759
0.346083
0.345408
0.344734
0.344061
0.34339
0.34272
0.34205
0.341382
0.340716
0.34005
0.339385
0.338722
0.33806
0.337399
0.336739
0.33608
0.335422
0.334766
0.33411
0.333456
0.332803
0.332151
0.331501
0.330851
0.330202
0.329555
0.328909
0.328264
0.32762
0.326977
0.326335
0.325695
0.325055
0.324417
0.32378
0.323144
0.322509
0.321875
0.321242
0.320611
0.31998
0.319351
0.318722
0.318095
0.317469
0.316844
0.31622
0.315598
0.314976
0.314355
0.313736
0.313117
0.3125
0.311884
0.311269
0.310655
0.310042
0.30943
0.308819
0.30821
0.307601
0.306993
0.306387
0.305782
0.305177
0.304574
0.303972
0.303371
0.302771
0.302172
0.301574
0.300977
0.300381
0.299787
0.299193
0.298601
0.298009
0.297419
0.296829
0.296241
0.295653
0.295067
0.294482
0.293898
0.293315
0.292733
0.292152
0.291572
0.290993
0.290415
0.289838
0.289262
0.288687
0.288113
0.287541
0.286969
0.286398
0.285828
0.28526
0.284692
0.284125
0.28356
0.282995
0.282432
0.281869
0.281308
0.280747
0.280188
0.279629
0.279072
0.278515
0.27796
0.277405
0.276852
0.276299
0.275748
0.275197
0.274648
0.274099
0.273552
0.273005
0.27246
0.271915
0.271372
0.270829
0.270287
0.269747
0.269207
0.268669
0.268131
0.267594
0.267059
0.266524
0.26599
0.265457
0.264926
0.264395
0.263865
0.263336
0.262808
0.262281
0.261755
0.26123
0.260706
0.260183
0.259661
0.25914
0.258619
0.2581
0.257582
0.257064
0.256548
0.256032
0.255518
0.255004
0.254491
0.25398
0.253469
0.252959
0.25245
0.251942
0.251435
0.250929
0.250424
0.24992
0.249416
0.248914
0.248412
0.247912
0.247412
0.246914
0.246416
0.245919
0.245423
0.244928
0.244434
0.243941
0.243449
0.242957
0.242467
0.241977
0.241489
0.241001
0.240514
0.240028
0.239543
0.239059
0.238576
0.238094
0.237612
0.237132
0.236652
0.236173
0.235696
0.235219
0.234743
0.234268
0.233793
0.23332
0.232847
0.232376
0.231905
0.231435
0.230966
0.230498
0.230031
0.229565
0.229099
0.228635
0.228171
0.227708
0.227246
0.226785
0.226325
0.225865
0.225407
0.224949
0.224493
0.224037
0.223582
0.223127
0.222674
0.222222
0.22177
0.221319
0.220869
0.22042
0.219972
0.219525
0.219078
0.218632
0.218188
0.217744
0.2173
0.216858
0.216417
0.215976
0.215536
0.215097
0.214659
0.214222
0.213785
0.21335
0.212915
0.212481
0.212048
0.211616
0.211184
0.210753
0.210324
0.209895
0.209466
0.209039
0.208613
0.208187
0.207762
0.207338
0.206914
0.206492
0.20607
0.205649
0.205229
0.20481
0.204392
0.203974
0.203557
0.203141
0.202726
0.202312
0.201898
0.201485
0.201073
0.200662
0.200251
0.199842
0.199433
0.199025
0.198618
0.198211
0.197805
0.1974
0.196996
0.196593
0.19619
0.195789
0.195388
0.194987
0.194588
0.194189
0.193791
0.193394
0.192998
0.192602
0.192208
0.191814
0.19142
0.191028
0.190636
0.190245
0.189855
0.189466
0.189077
0.188689
0.188302
0.187915
0.18753
0.187145
0.186761
0.186377
0.185995
0.185613
0.185232
0.184852
0.184472
0.184093
0.183715
0.183338
0.182961
0.182585
0.18221
0.181836
0.181462
0.181089
0.180717
0.180345
0.179975
0.179605
0.179235
0.178867
0.178499
0.178132
0.177766
0.1774
0.177035
0.176671
0.176308
0.175945
0.175583
0.175222
0.174861
0.174502
0.174142
0.173784
0.173426
0.17307
0.172713
0.172358
0.172003
0.171649
0.171296
0.170943
0.170591
0.17024
0.169889
0.169539
0.16919
0.168842
0.168494
0.168147
0.167801
0.167455
0.16711
0.166766
0.166422
0.166079
0.165737
0.165396
0.165055
0.164715
0.164375
0.164037
0.163699
0.163361
0.163025
0.162689
0.162353
0.162019
0.161685
0.161352
0.161019
0.160687
0.160356
0.160025
0.159696
0.159366
0.159038
0.15871
0.158383
0.158056
0.15773
0.157405
0.157081
0.156757
0.156434
0.156111
0.155789
0.155468
0.155148
0.154828
0.154509
0.15419
0.153872
0.153555
0.153238
0.152922
0.152607
0.152293
0.151979
0.151665
0.151353
0.151041
0.150729
0.150418
0.150108
0.149799
0.14949
0.149182
0.148874
0.148567
0.148261
0.147956
0.147651
0.147346
0.147043
0.14674
0.146437
0.146135
0.145834
0.145534
0.145234
0.144934
0.144636
0.144338
0.14404
0.143744
0.143447
0.143152
0.142857
0.142563
0.142269
0.141976
0.141684
0.141392
0.141101
0.14081
0.14052
0.140231
0.139942
0.139654
0.139366
0.139079
0.138793
0.138507
0.138222
0.137938
0.137654
0.137371
0.137088
0.136806
0.136524
0.136243
0.135963
0.135684
0.135404
0.135126
0.134848
0.134571
0.134294
0.134018
0.133742
0.133468
0.133193
0.13292
0.132646
0.132374
0.132102
0.13183
0.13156
0.131289
0.13102
0.130751
0.130482
0.130214
0.129947
0.12968
0.129414
0.129149
0.128884
0.128619
0.128355
0.128092
0.127829
0.127567
0.127306
0.127045
0.126784
0.126524
0.126265
0.126006
0.125748
0.12549
0.125233
0.124977
0.124721
0.124466
0.124211
0.123957
0.123703
0.12345
0.123197
0.122945
0.122694
0.122443
0.122193
0.121943
0.121694
0.121445
0.121197
0.120949
0.120702
0.120456
0.12021
0.119964
0.11972
0.119475
0.119231
0.118988
0.118746
0.118503
0.118262
0.118021
0.11778
0.11754
0.117301
0.117062
0.116824
0.116586
0.116348
0.116112
0.115875
0.11564
0.115404
0.11517
0.114936
0.114702
0.114469
0.114236
0.114004
0.113773
0.113542
0.113311
0.113081
0.112852
0.112623
0.112395
0.112167
0.11194
0.111713
0.111486
0.111261
0.111035
0.110811
0.110586
0.110363
0.110139
0.109917
0.109694
0.109473
0.109252
0.109031
0.108811
0.108591
0.108372
0.108153
0.107935
0.107717
0.1075
0.107284
0.107067
0.106852
0.106637
0.106422
0.106208
0.105994
0.105781
0.105568
0.105356
0.105144
0.104933
0.104722
0.104512
0.104303
0.104093
0.103885
0.103676
0.103468
0.103261
0.103054
0.102848
0.102642
0.102437
0.102232
0.102028
0.101824
0.10162
0.101417
0.101215
0.101013
0.100811
0.10061
0.10041
0.10021
0.10001
0.0998109
0.0996122
0.099414
0.0992163
0.099019
0.0988222
0.0986259
0.09843
0.0982347
0.0980397
0.0978453
0.0976513
0.0974578
0.0972647
0.0970721
0.09688
0.0966883
0.0964971
0.0963063
0.096116
0.0959262
0.0957368
0.0955479
0.0953594
0.0951714
0.0949838
0.0947967
0.0946101
0.0944239
0.0942382
0.0940529
0.093868
0.0936836
0.0934997
0.0933162
0.0931331
0.0929505
0.0927684
0.0925867
0.0924054
0.0922246
0.0920442
0.0918643
0.0916848
0.0915057
0.0913271
0.0911489
0.0909712
0.0907939
0.090617
0.0904406
0.0902646
0.0900891
0.089914
0.0897393
0.089565
0.0893912
0.0892178
0.0890449
0.0888723
0.0887003
0.0885286
0.0883574
0.0881866
0.0880162
0.0878462
0.0876767
0.0875076
0.0873389
0.0871707
0.0870028
0.0868354
0.0866684
0.0865019
0.0863357
0.08617
0.0860047
0.0858398
0.0856753
0.0855113
0.0853477
0.0851844
0.0850216
0.0848592
0.0846973
0.0845357
0.0843745
0.0842138
0.0840535
0.0838935
0.083734
0.0835749
0.0834162
0.0832579
0.0831001
0.0829426
0.0827855
0.0826289
0.0824726
0.0823167
0.0821613
0.0820062
0.0818516
0.0816974
0.0815435
0.0813901
0.081237
0.0810844
0.0809321
0.0807803
0.0806288
0.0804777
0.0803271
0.0801768
0.0800269
0.0798774
0.0797283
0.0795796
0.0794313
0.0792834
0.0791359
0.0789887
0.078842
0.0786956
0.0785497
0.0784041
0.0782589
0.078114
0.0779696
0.0778256
0.0776819
0.0775386
0.0773957
0.0772532
0.0771111
0.0769693
0.0768279
0.076687
0.0765463
0.0764061
0.0762662
0.0761268
0.0759876
0.0758489
0.0757106
0.0755726
0.075435
0.0752977
0.0751609
0.0750244
0.0748883
0.0747525
0.0746171
0.0744821
0.0743475
0.0742132
0.0740793
0.0739458
0.0738126
0.0736798
0.0735473
0.0734153
0.0732835
0.0731522
0.0730212
0.0728906
0.0727603
0.0726304
0.0725009
0.0723717
0.0722429
0.0721144
0.0719863
0.0718586
0.0717312
0.0716041
0.0714775
0.0713511
0.0712252
0.0710995
0.0709743
0.0708494
0.0707248
0.0706006
0.0704767
0.0703532
0.0702301
0.0701073
0.0699848
0.0698627
0.0697409
0.0696195
0.0694985
0.0693777
0.0692574
0.0691373
0.0690176
0.0688983
0.0687793
0.0686606
0.0685423
0.0684243
0.0683067
0.0681894
0.0680724
0.0679558
0.0678395
0.0677236
0.067608
0.0674927
0.0673778
0.0672632
0.0671489
0.067035
0.0669214
0.0668081
0.0666952
0.0665826
0.0664703
0.0663584
0.0662468
0.0661355
0.0660245
0.0659139
0.0658036
0.0656937
0.065584
0.0654747
0.0653657
0.0652571
0.0651487
0.0650407
0.064933
0.0648257
0.0647186
0.0646119
0.0645055
0.0643994
0.0642937
0.0641883
0.0640831
0.0639783
0.0638739
0.0637697
0.0636659
0.0635623
0.0634591
0.0633562
0.0632536
0.0631514
0.0630494
0.0629478
0.0628465
0.0627455
0.0626447
0.0625444
0.0624443
0.0623445
0.0622451
0.0621459
0.0620471
0.0619485
0.0618503
0.0617524
0.0616548
0.0615575
0.0614605
0.0613638
0.0612674
0.0611713
0.0610755
0.06098
0.0608848
0.06079
0.0606954
0.0606011
0.0605071
0.0604135
0.0603201
0.060227
0.0601342
0.0600418
0.0599496
0.0598577
0.0597661
0.0596748
0.0595838
0.0594931
0.0594027
0.0593126
0.0592228
0.0591332
0.059044
0.058955
0.0588664
0.058778
0.0586899
0.0586022
0.0585147
0.0584275
0.0583405
0.0582539
0.0581676
0.0580815
0.0579957
0.0579102
0.057825
0.0577401
0.0576555
0.0575711
0.0574871
0.0574033
0.0573198
0.0572366
0.0571536
0.057071
0.0569886
0.0569065
0.0568247
0.0567431
0.0566619
0.0565809
0.0565002
0.0564198
0.0563396
0.0562597
0.0561801
0.0561008
0.0560218
0.055943
0.0558645
0.0557862
0.0557083
0.0556306
0.0555532
0.055476
0.0553992
0.0553226
0.0552462
0.0551702
0.0550944
0.0550188
0.0549436
0.0548686
0.0547939
0.0547194
0.0546452
0.0545713
0.0544976
0.0544242
0.0543511
0.0542782
0.0542056
0.0541332
0.0540612
0.0539893
0.0539178
0.0538465
0.0537754
0.0537047
0.0536341
0.0535639
0.0534939
0.0534241
0.0533546
0.0532854
0.0532164
0.0531477
0.0530793
0.0530111
0.0529431
0.0528754
0.052808
0.0527408
0.0526738
0.0526071
0.0525407
0.0524745
0.0524086
0.0523429
0.0522775
0.0522123
0.0521474
0.0520827
0.0520183
0.0519541
0.0518902
0.0518265
0.051763
0.0516998
0.0516369
0.0515742
0.0515117
0.0514495
0.0513875
0.0513258
0.0512643
0.0512031
0.0511421
0.0510813
0.0510208
0.0509606
0.0509005
0.0508407
0.0507812
0.0507219
0.0506628
0.0506039
0.0505454
0.050487
0.0504289
0.050371
0.0503133
0.0502559
0.0501987
0.0501418
0.0500851
0.0500286
0.0499724
0.0499164
0.0498606
0.049805
0.0497497
0.0496947
0.0496398
0.0495852
0.0495308
0.0494767
0.0494227
0.049369
0.0493156
0.0492623
0.0492093
0.0491565
0.049104
0.0490516
0.0489995
0.0489477
0.048896
0.0488446
0.0487934
0.0487424
0.0486916
0.0486411
0.0485908
0.0485407
0.0484909
0.0484412
0.0483918
0.0483426
0.0482936
0.0482449
0.0481963
0.048148
0.0480999
0.048052
0.0480043
0.0479569
0.0479097
0.0478627
0.0478159
0.0477693
0.0477229
0.0476768
0.0476308
0.0475851
0.0475396
0.0474943
0.0474492
0.0474044
0.0473597
0.0473153
0.0472711
0.047227
0.0471832
0.0471396
0.0470962
0.0470531
0.0470101
0.0469674
0.0469248
0.0468825
0.0468403
0.0467984
0.0467567
0.0467152
0.0466739
0.0466328
0.0465919
0.0465512
0.0465107
0.0464704
0.0464304
0.0463905
0.0463508
0.0463114
0.0462721
0.046233
0.0461942
0.0461555
0.0461171
0.0460788
0.0460408
0.0460029
0.0459652
0.0459278
0.0458905
0.0458535
0.0458166
0.0457799
0.0457435
0.0457072
0.0456711
0.0456353
0.0455996
0.0455641
0.0455288
0.0454937
0.0454588
0.0454241
0.0453896
0.0453553
0.0453211
0.0452872
0.0452535
0.0452199
0.0451865
0.0451534
0.0451204
0.0450876
0.045055
0.0450226
0.0449904
0.0449583
0.0449265
0.0448949
0.0448634
0.0448321
0.044801
0.0447701
0.0447394
0.0447089
0.0446785
0.0446484
0.0446184
0.0445886
0.044559
0.0445296
0.0445003
0.0444713
0.0444424
0.0444137
0.0443852
0.0443568
0.0443287
0.0443007
0.0442729
0.0442453
0.0442179
0.0441907
0.0441636
0.0441367
0.04411
0.0440835
0.0440571
0.044031
0.044005
0.0439791
0.0439535
0.043928
0.0439027
0.0438776
0.0438527
0.0438279
0.0438033
0.0437789
0.0437547
0.0437306
0.0437067
0.043683
0.0436594
0.043636
0.0436128
0.0435898
0.0435669
0.0435442
0.0435217
0.0434994
0.0434772
0.0434552
0.0434333
0.0434117
0.0433901
0.0433688
0.0433476
0.0433266
0.0433058
0.0432851
0.0432646
0.0432443
0.0432241
0.0432041
0.0431843
0.0431646
0.0431451
0.0431257
0.0431066
0.0430875
0.0430687
0.04305
0.0430315
0.0430131
0.0429949
0.0429768
0.042959
0.0429412
0.0429237
0.0429063
0.042889
0.042872
0.042855
0.0428383
0.0428217
0.0428052
0.0427889
0.0427728
0.0427568
0.042741
0.0427254
0.0427099
0.0426945
0.0426793
0.0426643
0.0426494
0.0426347
0.0426201
0.0426057
0.0425915
0.0425774
0.0425634
0.0425496
0.042536
0.0425225
0.0425091
0.0424959
0.0424829
0.04247
0.0424573
0.0424447
0.0424323
0.04242
0.0424079
0.0423959
0.042384
0.0423724
0.0423608
0.0423494
0.0423382
0.0423271
0.0423161
0.0423054
0.0422947
0.0422842
0.0422738
0.0422636
0.0422536
0.0422436
0.0422339
0.0422242
0.0422147
0.0422054
0.0421962
0.0421871
0.0421782
0.0421695
0.0421608
0.0421523
0.042144
0.0421358
0.0421277
0.0421198
0.042112
0.0421044
0.0420969
0.0420896
0.0420823
0.0420753
0.0420683
0.0420615
0.0420549
0.0420483
0.042042
0.0420357
0.0420296
0.0420236
0.0420178
0.0420121
0.0420065
0.0420011
0.0419958
0.0419907
0.0419856
0.0419808
0.041976
0.0419714
0.0419669
0.0419626
0.0419584
0.0419543
0.0419503
0.0419465
0.0419428
0.0419393
0.0419359
0.0419326
0.0419294
0.0419264
0.0419235
0.0419207
0.0419181
0.0419156
0.0419132
0.041911
0.0419089
0.0419069
0.041905
0.0419033
0.0419017
0.0419002
0.0418989
0.0418977
0.0418966
0.0418956
0.0418948
0.041894
0.0418935
0.041893
0.0418927
0.0418924
0.0418924
0.0418924
0.0418926
0.0418929
0.0418933
0.0418938
0.0418945
0.0418952
0.0418961
0.0418972
0.0418983
0.0418996
0.041901
0.0419025
0.0419041
0.0419059
0.0419077
0.0419097
0.0419119
0.0419141
0.0419164
0.0419189
0.0419215
0.0419242
0.0419271
0.04193
0.0419331
0.0419363
0.0419396
0.041943
0.0419465
0.0419502
0.0419539
0.0419578
0.0419618
0.0419659
0.0419702
0.0419745
0.041979
0.0419836
0.0419882
0.0419931
0.041998
0.042003
0.0420082
0.0420134
0.0420188
0.0420243
0.0420299
0.0420356
0.0420414
0.0420473
0.0420534
0.0420595
0.0420658
0.0420722
0.0420787
0.0420853
0.042092
0.0420988
0.0421057
0.0421128
0.0421199
0.0421272
0.0421345
0.042142
0.0421496
0.0421573
0.0421651
0.042173
0.042181
0.0421891
0.0421973
0.0422057
0.0422141
0.0422227
0.0422313
0.0422401
0.0422489
0.0422579
0.0422669
0.0422761
0.0422854
0.0422948
0.0423043
0.0423139
0.0423235
0.0423333
0.0423432
0.0423532
0.0423633
0.0423735
0.0423839
0.0423943
0.0424048
0.0424154
0.0424261
0.0424369
0.0424478
0.0424588
0.04247
0.0424812
0.0424925
0.0425039
0.0425154
0.042527
0.0425387
0.0425505
0.0425624
0.0425744
0.0425866
0.0425988
0.042611
0.0426234
0.0426359
0.0426485
0.0426612
0.042674
0.0426869
0.0426998
0.0427129
0.0427261
0.0427393
0.0427527
0.0427661
0.0427797
0.0427933
0.042807
0.0428209
0.0428348
0.0428488
0.0428629
0.0428771
0.0428914
0.0429058
0.0429202
0.0429348
0.0429495
0.0429642
0.0429791
0.042994
0.043009
0.0430241
0.0430393
0.0430546
0.04307
0.0430855
0.0431011
0.0431167
0.0431325
0.0431483
0.0431642
0.0431802
0.0431963
0.0432125
0.0432288
0.0432451
0.0432616
0.0432781
0.0432948
0.0433115
0.0433283
0.0433452
0.0433621
0.0433792
0.0433963
0.0434136
0.0434309
0.0434483
0.0434658
0.0434833
0.043501
0.0435187
0.0435365
0.0435545
0.0435724
0.0435905
0.0436087
0.0436269
0.0436452
0.0436636
0.0436821
0.0437007
0.0437194
0.0437381
0.0437569
0.0437758
0.0437948
0.0438139
0.043833
0.0438522
0.0438715
0.0438909
0.0439104
0.0439299
0.0439496
0.0439693
0.043989
0.0440089
0.0440289
0.0440489
0.044069
0.0440892
0.0441094
0.0441297
0.0441502
0.0441706
0.0441912
0.0442119
0.0442326
0.0442534
0.0442743
0.0442952
0.0443162
0.0443373
0.0443585
0.0443798
0.0444011
0.0444225
0.044444
0.0444656
0.0444872
0.0445089
0.0445307
0.0445525
0.0445745
0.0445965
0.0446185
0.0446407
0.0446629
0.0446852
0.0447076
0.04473
0.0447525
0.0447751
0.0447978
0.0448205
0.0448433
0.0448662
0.0448891
0.0449122
0.0449352
0.0449584
0.0449816
0.0450049
0.0450283
0.0450517
0.0450753
0.0450988
0.0451225
0.0451462
0.04517
0.0451939
0.0452178
0.0452418
0.0452658
0.04529
0.0453142
0.0453384
0.0453628
0.0453872
0.0454116
0.0454362
0.0454608
0.0454855
0.0455102
0.045535
0.0455599
0.0455848
0.0456098
0.0456349
0.04566
0.0456852
0.0457105
0.0457358
0.0457612
0.0457867
0.0458122
0.0458378
0.0458634
0.0458892
0.0459149
0.0459408
0.0459667
0.0459927
0.0460187
0.0460448
0.046071
0.0460972
0.0461235
0.0461498
0.0461762
0.0462027
0.0462292
0.0462558
0.0462825
0.0463092
0.046336
0.0463628
0.0463897
0.0464167
0.0464437
0.0464708
0.0464979
0.0465252
0.0465524
0.0465797
0.0466071
0.0466346
0.0466621
0.0466896
0.0467172
0.0467449
0.0467727
0.0468005
0.0468283
0.0468562
0.0468842
0.0469122
0.0469403
0.0469684
0.0469966
0.0470249
0.0470532
0.0470816
0.04711
0.0471385
0.047167
0.0471956
0.0472243
0.047253
0.0472817
0.0473105
0.0473394
0.0473683
0.0473973
0.0474264
0.0474555
0.0474846
0.0475138
0.0475431
0.0475724
0.0476017
0.0476311
0.0476606
0.0476901
0.0477197
0.0477493
0.047779
0.0478088
0.0478385
0.0478684
0.0478983
0.0479282
0.0479582
0.0479883
0.0480184
0.0480485
0.0480787
0.048109
0.0481393
0.0481696
0.0482
0.0482305
0.048261
0.0482916
0.0483222
0.0483528
0.0483835
0.0484143
0.0484451
0.048476
0.0485069
0.0485378
0.0485688
0.0485999
0.048631
0.0486621
0.0486933
0.0487246
0.0487559
0.0487872
0.0488186
0.04885
0.0488815
0.048913
0.0489446
0.0489763
0.0490079
0.0490396
0.0490714
0.0491032
0.0491351
0.049167
0.0491989
0.0492309
0.049263
0.0492951
0.0493272
0.0493594
0.0493916
0.0494239
0.0494562
0.0494886
0.049521
0.0495534
0.0495859
0.0496184
0.049651
0.0496836
0.0497163
0.049749
0.0497818
0.0498146
0.0498474
0.0498803
0.0499132
0.0499462
0.0499792
0.0500123
0.0500454
0.0500785
0.0501117
0.0501449
0.0501782
0.0502115
0.0502448
0.0502782
0.0503117
0.0503451
0.0503787
0.0504122
0.0504458
0.0504794
0.0505131
0.0505468
0.0505806
0.0506144
0.0506482
0.0506821
0.050716
0.05075
0.050784
0.050818
0.0508521
0.0508862
0.0509204
0.0509545
0.0509888
0.051023
0.0510573
0.0510917
0.0511261
0.0511605
0.051195
0.0512294
0.051264
0.0512986
0.0513332
0.0513678
0.0514025
0.0514372
0.051472
0.0515068
0.0515416
0.0515764
0.0516113
0.0516463
0.0516813
0.0517163
0.0517513
0.0517864
0.0518215
0.0518567
0.0518918
0.0519271
0.0519623
0.0519976
0.0520329
0.0520683
0.0521037
0.0521391
0.0521746
0.0522101
0.0522456
0.0522812
0.0523168
0.0523524
0.0523881
0.0524238
0.0524595
0.0524953
0.0525311
0.0525669
0.0526028
0.0526387
0.0526746
0.0527106
0.0527466
0.0527826
0.0528187
0.0528547
0.0528909
0.052927
0.0529632
0.0529994
0.0530357
0.0530719
0.0531083
0.0531446
0.053181
0.0532174
0.0532538
0.0532903
0.0533268
0.0533633
0.0533998
0.0534364
0.053473
0.0535097
0.0535464
0.0535831
0.0536198
0.0536566
0.0536934
0.0537302
0.053767
0.0538039
0.0538408
0.0538777
0.0539147
0.0539517
0.0539887
0.0540258
0.0540628
0.0541
0.0541371
0.0541742
0.0542114
0.0542486
0.0542859
0.0543232
0.0543605
0.0543978
0.0544351
0.0544725
0.0545099
0.0545473
0.0545848
0.0546223
0.0546598
0.0546973
0.0547349
0.0547725
0.0548101
0.0548477
0.0548854
0.0549231
0.0549608
0.0549985
0.0550363
0.0550741
0.0551119
0.0551498
0.0551876
0.0552255
0.0552634
0.0553014
0.0553393
0.0553773
0.0554153
0.0554534
0.0554914
0.0555295
0.0555676
0.0556057
0.0556439
0.0556821
0.0557203
0.0557585
0.0557967
0.055835
0.0558733
0.0559116
0.05595
0.0559883
0.0560267
0.0560651
0.0561035
0.056142
0.0561804
0.0562189
0.0562574
0.056296
0.0563345
0.0563731
0.0564117
0.0564503
0.056489
0.0565276
0.0565663
0.056605
0.0566438
0.0566825
0.0567213
0.0567601
0.0567989
0.0568377
0.0568765
0.0569154
0.0569543
0.0569932
0.0570321
0.0570711
0.05711
0.057149
0.057188
0.0572271
0.0572661
0.0573052
0.0573442
0.0573833
0.0574225
0.0574616
0.0575008
0.0575399
0.0575791
0.0576183
0.0576576
0.0576968
0.0577361
0.0577754
0.0578147
0.057854
0.0578933
0.0579327
0.057972
0.0580114
0.0580508
0.0580903
0.0581297
0.0581691
0.0582086
0.0582481
0.0582876
0.0583271
0.0583667
0.0584062
0.0584458
0.0584854
0.058525
0.0585646
0.0586043
0.0586439
0.0586836
0.0587233
0.058763
0.0588027
0.0588424
0.0588821
0.0589219
0.0589617
0.0590015
0.0590413
0.0590811
0.0591209
0.0591608
0.0592006
0.0592405
0.0592804
0.0593203
0.0593602
0.0594002
0.0594401
0.0594801
0.0595201
0.05956
0.0596
0.0596401
0.0596801
0.0597201
0.0597602
0.0598003
0.0598403
0.0598804
0.0599206
0.0599607
0.0600008
0.060041
0.0600811
0.0601213
0.0601615
0.0602017
0.0602419
0.0602821
0.0603223
0.0603626
0.0604028
0.0604431
0.0604834
0.0605237
0.060564
0.0606043
0.0606446
0.060685
0.0607253
0.0607657
0.060806
0.0608464
0.0608868
0.0609272
0.0609676
0.0610081
0.0610485
0.0610889
0.0611294
0.0611699
0.0612103
0.0612508
0.0612913
0.0613318
0.0613723
0.0614129
0.0614534
0.061494
0.0615345
0.0615751
0.0616156
0.0616562
0.0616968
0.0617374
0.061778
0.0618187
0.0618593
0.0618999
0.0619406
0.0619812
0.0620219
0.0620626
0.0621032
0.0621439
0.0621846
0.0622253
0.062266
0.0623068
0.0623475
0.0623882
0.062429
0.0624697
0.0625105
0.0625513
0.062592
0.0626328
0.0626736
0.0627144
0.0627552
0.062796
0.0628368
0.0628777
0.0629185
0.0629593
0.0630002
0.063041
0.0630819
0.0631228
0.0631636
0.0632045
0.0632454
0.0632863
0.0633272
0.0633681
0.063409
0.0634499
0.0634908
0.0635318
0.0635727
0.0636136
0.0636546
0.0636955
0.0637365
0.0637774
0.0638184
0.0638594
0.0639003
0.0639413
0.0639823
0.0640233
0.0640643
0.0641053
0.0641463
0.0641873
0.0642283
0.0642693
0.0643104
0.0643514
0.0643924
0.0644335
0.0644745
0.0645155
0.0645566
0.0645976
0.0646387
0.0646797
0.0647208
0.0647619
0.0648029
0.064844
0.0648851
0.0649262
0.0649672
0.0650083
0.0650494
0.0650905
0.0651316
0.0651727
0.0652138
0.0652549
0.065296
0.0653371
0.0653782
0.0654193
0.0654605
0.0655016
0.0655427
0.0655838
0.0656249
0.0656661
0.0657072
0.0657483
0.0657895
0.0658306
0.0658717
0.0659129
0.065954
0.0659952
0.0660363
0.0660774
0.0661186
0.0661597
0.0662009
0.066242
0.0662832
0.0663243
0.0663655
0.0664066
0.0664478
0.0664889
0.0665301
0.0665713
0.0666124
0.0666536
0.0666947
0.0667359
0.066777
0.0668182
0.0668594
0.0669005
0.0669417
0.0669828
0.067024
0.0670651
0.0671063
0.0671475
0.0671886
0.0672298
0.0672709
0.0673121
0.0673533
0.0673944
0.0674356
0.0674767
0.0675179
0.067559
0.0676002
0.0676413
0.0676825
0.0677236
0.0677648
0.0678059
0.0678471
0.0678882
0.0679293
0.0679705
0.0680116
0.0680528
0.0680939
0.068135
0.0681762
0.0682173
0.0682584
0.0682995
0.0683407
0.0683818
0.0684229
0.068464
0.0685051
0.0685463
0.0685874
0.0686285
0.0686696
0.0687107
0.0687518
0.0687929
0.068834
0.0688751
0.0689162
0.0689573
0.0689983
0.0690394
0.0690805
0.0691216
0.0691627
0.0692037
0.0692448
0.0692859
0.0693269
0.069368
0.069409
0.0694501
0.0694911
0.0695322
0.0695732
0.0696142
0.0696553
0.0696963
0.0697373
0.0697783
0.0698193
0.0698603
0.0699014
0.0699424
0.0699834
0.0700243
0.0700653
0.0701063
0.0701473
0.0701883
0.0702292
0.0702702
0.0703112
0.0703521
0.0703931
0.070434
0.070475
0.0705159
0.0705568
0.0705978
0.0706387
0.0706796
0.0707205
0.0707614
0.0708023
0.0708432
0.0708841
0.070925
0.0709659
0.0710068
0.0710476
0.0710885
0.0711293
0.0711702
0.071211
0.0712519
0.0712927
0.0713335
0.0713744
0.0714152
0.071456
0.0714968
0.0715376
0.0715784
0.0716192
0.0716599
0.0717007
0.0717415
0.0717822
0.071823
0.0718637
0.0719045
0.0719452
0.0719859
0.0720266
0.0720673
0.0721081
0.0721487
0.0721894
0.0722301
0.0722708
0.0723115
0.0723521
0.0723928
0.0724334
0.0724741
0.0725147
0.0725553
0.0725959
0.0726366
0.0726772
0.0727177
0.0727583
0.0727989
0.0728395
0.07288
0.0729206
0.0729611
0.0730017
0.0730422
0.0730827
0.0731233
0.0731638
0.0732043
0.0732448
0.0732852
0.0733257
0.0733662
0.0734066
0.0734471
0.0734875
0.073528
0.0735684
0.0736088
0.0736492
0.0736896
0.07373
0.0737704
0.0738107
0.0738511
0.0738914
0.0739318
0.0739721
0.0740124
0.0740528
0.0740931
0.0741334
0.0741737
0.0742139
0.0742542
0.0742945
0.0743347
0.074375
0.0744152
0.0744554
0.0744956
0.0745358
0.074576
0.0746162
0.0746564
0.0746965
0.0747367
0.0747768
0.074817
0.0748571
0.0748972
0.0749373
0.0749774
0.0750175
0.0750576
0.0750976
0.0751377
0.0751777
0.0752177
0.0752578
0.0752978
0.0753378
0.0753778
0.0754178
0.0754577
0.0754977
0.0755376
0.0755776
0.0756175
0.0756574
0.0756973
0.0757372
0.0757771
0.075817
0.0758568
0.0758967
0.0759365
0.0759763
0.0760161
0.0760559
0.0760957
0.0761355
0.0761753
0.0762151
0.0762548
0.0762945
0.0763343
0.076374
0.0764137
0.0764534
0.076493
0.0765327
0.0765724
0.076612
0.0766516
0.0766913
0.0767309
0.0767705
0.07681
0.0768496
0.0768892
0.0769287
0.0769683
0.0770078
0.0770473
0.0770868
0.0771263
0.0771658
0.0772052
0.0772447
0.0772841
0.0773235
0.0773629
0.0774023
0.0774417
0.0774811
0.0775205
0.0775598
0.0775992
0.0776385
0.0776778
0.0777171
0.0777564
0.0777957
0.0778349
0.0778742
0.0779134
0.0779526
0.0779918
0.078031
0.0780702
0.0781094
0.0781485
0.0781877
0.0782268
0.0782659
0.078305
0.0783441
0.0783832
0.0784222
0.0784613
0.0785003
0.0785393
0.0785784
0.0786174
0.0786563
0.0786953
0.0787343
0.0787732
0.0788121
0.078851
0.0788899
0.0789288
0.0789677
0.0790065
0.0790454
0.0790842
0.079123
0.0791618
0.0792006
0.0792394
0.0792782
0.0793169
0.0793556
0.0793943
0.079433
0.0794717
0.0795104
0.0795491
0.0795877
0.0796263
0.079665
0.0797036
0.0797421
0.0797807
0.0798193
0.0798578
0.0798963
0.0799349
0.0799734
0.0800118
0.0800503
0.0800888
0.0801272
0.0801656
0.080204
0.0802424
0.0802808
0.0803192
0.0803575
0.0803959
0.0804342
0.0804725
0.0805108
0.0805491
0.0805873
0.0806256
0.0806638
0.080702
0.0807402
0.0807784
0.0808165
0.0808547
0.0808928
0.080931
0.0809691
0.0810071
0.0810452
0.0810833
0.0811213
0.0811594
0.0811974
0.0812354
0.0812733
0.0813113
0.0813493
0.0813872
0.0814251
0.081463
0.0815009
0.0815388
0.0815766
0.0816145
0.0816523
0.0816901
0.0817279
0.0817656
0.0818034
0.0818411
0.0818789
0.0819166
0.0819543
0.0819919
0.0820296
0.0820672
0.0821049
0.0821425
0.0821801
0.0822177
0.0822552
0.0822928
0.0823303
0.0823678
0.0824053
0.0824428
0.0824802
0.0825177
0.0825551
0.0825925
0.0826299
0.0826673
0.0827047
0.082742
0.0827794
0.0828167
0.082854
0.0828912
0.0829285
0.0829657
0.083003
0.0830402
0.0830774
0.0831146
0.0831517
0.0831889
0.083226
0.0832631
0.0833002
0.0833373
0.0833743
0.0834114
0.0834484
0.0834854
0.0835224
0.0835593
0.0835963
0.0836332
0.0836701
0.0837071
0.0837439
0.0837808
0.0838176
0.0838545
0.0838913
0.0839281
0.0839649
0.0840016
0.0840384
0.0840751
0.0841118
0.0841485
0.0841852
0.0842218
0.0842585
0.0842951
0.0843317
0.0843683
0.0844048
0.0844414
0.0844779
0.0845144
0.0845509
0.0845874
0.0846239
0.0846603
0.0846967
0.0847331
0.0847695
0.0848059
0.0848422
0.0848786
0.0849149
0.0849512
0.0849874
0.0850237
0.0850599
0.0850962
0.0851324
0.0851686
0.0852047
0.0852409
0.085277
0.0853131
0.0853492
0.0853853
0.0854213
0.0854574
0.0854934
0.0855294
0.0855654
0.0856014
0.0856373
0.0856732
0.0857091
0.085745
0.0857809
0.0858167
0.0858526
0.0858884
0.0859242
0.08596
0.0859957
0.0860315
0.0860672
0.0861029
0.0861386
0.0861742
0.0862099
0.0862455
0.0862811
0.0863167
0.0863523
0.0863878
0.0864234
0.0864589
0.0864944
0.0865299
0.0865653
0.0866007
0.0866362
0.0866716
0.0867069
0.0867423
0.0867776
0.086813
0.0868483
0.0868835
0.0869188
0.0869541
0.0869893
0.0870245
0.0870597
0.0870948
0.08713
0.0871651
0.0872002
0.0872353
0.0872704
0.0873054
0.0873405
0.0873755
0.0874105
0.0874454
0.0874804
0.0875153
0.0875502
0.0875851
0.08762
0.0876549
0.0876897
0.0877245
0.0877593
0.0877941
0.0878289
0.0878636
0.0878983
0.087933
0.0879677
0.0880023
0.088037
0.0880716
0.0881062
0.0881408
0.0881753
0.0882099
0.0882444
0.0882789
0.0883134
0.0883478
0.0883823
0.0884167
0.0884511
0.0884855
0.0885198
0.0885542
0.0885885
0.0886228
0.088657
0.0886913
0.0887255
0.0887598
0.088794
0.0888281
0.0888623
0.0888964
0.0889305
0.0889646
0.0889987
0.0890328
0.0890668
0.0891008
0.0891348
0.0891688
0.0892027
0.0892367
0.0892706
0.0893045
0.0893384
0.0893722
0.089406
0.0894398
0.0894736
0.0895074
0.0895412
0.0895749
0.0896086
0.0896423
0.089676
0.0897096
0.0897432
0.0897768
0.0898104
0.089844
0.0898775
0.089911
0.0899445
0.089978
0.0900115
0.0900449
0.0900784
0.0901117
0.0901451
0.0901785
0.0902118
0.0902451
0.0902784
0.0903117
0.090345
0.0903782
0.0904114
0.0904446
0.0904778
0.0905109
0.090544
0.0905771
0.0906102
0.0906433
0.0906763
0.0907094
0.0907424
0.0907753
0.0908083
0.0908412
0.0908742
0.0909071
0.0909399
0.0909728
0.0910056
0.0910384
0.0910712
0.091104
0.0911368
0.0911695
0.0912022
0.0912349
0.0912675
0.0913002
0.0913328
0.0913654
0.091398
0.0914305
0.0914631
0.0914956
0.0915281
0.0915606
0.091593
0.0916254
0.0916579
0.0916902
0.0917226
0.091755
0.0917873
0.0918196
0.0918519
0.0918841
0.0919164
0.0919486
0.0919808
0.092013
0.0920451
0.0920772
0.0921093
0.0921414
0.0921735
0.0922056
0.0922376
0.0922696
0.0923016
0.0923335
0.0923655
0.0923974
0.0924293
0.0924611
0.092493
0.0925248
0.0925566
0.0925884
0.0926202
0.0926519
0.0926836
0.0927153
0.092747
0.0927787
0.0928103
0.0928419
0.0928735
0.0929051
0.0929366
0.0929682
0.0929997
0.0930312
0.0930626
0.0930941
0.0931255
0.0931569
0.0931882
0.0932196
0.0932509
0.0932822
0.0933135
0.0933448
0.093376
0.0934073
0.0934385
0.0934696
0.0935008
0.0935319
0.093563
0.0935941
0.0936252
0.0936562
0.0936873
0.0937183
0.0937492
0.0937802
0.0938111
0.0938421
0.0938729
0.0939038
0.0939347
0.0939655
0.0939963
0.0940271
0.0940578
0.0940886
0.0941193
0.09415
0.0941807
0.0942113
0.0942419
0.0942725
0.0943031
0.0943337
0.0943642
0.0943947
0.0944252
0.0944557
0.0944862
0.0945166
0.094547
0.0945774
0.0946078
0.0946381
0.0946684
0.0946987
0.094729
0.0947592
0.0947895
0.0948197
0.0948499
0.09488
0.0949102
0.0949403
0.0949704
0.0950004
0.0950305
0.0950605
0.0950905
0.0951205
0.0951505
0.0951804
0.0952103
0.0952402
0.0952701
0.0953
0.0953298
0.0953596
0.0953894
0.0954191
0.0954489
0.0954786
0.0955083
0.095538
0.0955676
0.0955972
0.0956268
0.0956564
0.095686
0.0957155
0.095745
0.0957745
0.095804
0.0958334
0.0958629
0.0958923
0.0959217
0.095951
0.0959803
0.0960097
0.096039
0.0960682
0.0960975
0.0961267
0.0961559
0.0961851
0.0962142
0.0962434
0.0962725
0.0963016
0.0963306
0.0963597
0.0963887
0.0964177
0.0964467
0.0964756
0.0965045
0.0965335
0.0965623
0.0965912
0.09662
0.0966489
0.0966777
0.0967064
0.0967352
0.0967639
0.0967926
0.0968213
0.09685
0.0968786
0.0969072
0.0969358
0.0969644
0.0969929
0.0970214
0.0970499
0.0970784
0.0971069
0.0971353
0.0971637
0.0971921
0.0972205
0.0972488
0.0972771
0.0973054
0.0973337
0.097362
0.0973902
0.0974184
0.0974466
0.0974747
0.0975029
0.097531
0.0975591
0.0975872
0.0976152
0.0976432
0.0976712
0.0976992
0.0977272
0.0977551
0.097783
0.0978109
0.0978388
0.0978666
0.0978944
0.0979222
0.09795
0.0979778
0.0980055
0.0980332
0.0980609
0.0980885
0.0981162
0.0981438
0.0981714
0.098199
0.0982265
0.098254
0.0982815
0.098309
0.0983365
0.0983639
0.0983913
0.0984187
0.0984461
0.0984734
0.0985007
0.098528
0.0985553
0.0985825
0.0986098
0.098637
0.0986642
0.0986913
0.0987185
0.0987456
0.0987727
0.0987997
0.0988268
0.0988538
0.0988808
0.0989078
0.0989347
0.0989617
0.0989886
0.0990154
0.0990423
0.0990692
0.099096
0.0991228
0.0991495
0.0991763
0.099203
0.0992297
0.0992564
0.099283
0.0993097
0.0993363
0.0993629
0.0993894
0.099416
0.0994425
0.099469
0.0994955
0.0995219
0.0995484
0.0995748
0.0996011
0.0996275
0.0996538
0.0996802
0.0997064
0.0997327
0.099759
0.0997852
0.0998114
0.0998376
0.0998637
0.0998898
0.099916
0.099942
0.0999681
0.0999941
0.10002
0.100046
0.100072
0.100098
0.100124
0.10015
0.100176
0.100202
0.100227
0.100253
0.100279
0.100305
0.100331
0.100356
0.100382
0.100408
0.100433
0.100459
0.100485
0.10051
0.100536
0.100561
0.100587
0.100612
0.100638
0.100663
0.100689
0.100714
0.100739
0.100765
0.10079
0.100815
0.100841
0.100866
0.100891
0.100916
0.100941
0.100967
0.100992
0.101017
0.101042
0.101067
0.101092
0.101117
0.101142
0.101167
0.101192
0.101217
0.101242
0.101267
0.101292
0.101317
0.101341
0.101366
0.101391
0.101416
0.101441
0.101465
0.10149
0.101515
0.101539
0.101564
0.101588
0.101613
0.101638
0.101662
0.101687
0.101711
0.101736
0.10176
0.101784
0.101809
0.101833
0.101857
0.101882
0.101906
0.10193
0.101955
0.101979
0.102003
0.102027
0.102051
0.102076
0.1021
0.102124
0.102148
0.102172
0.102196
0.10222
0.102244
0.102268
0.102292
0.102316
0.10234
0.102363
0.102387
0.102411
0.102435
0.102459
0.102482
0.102506
0.10253
0.102553
0.102577
0.102601
0.102624
0.102648
0.102672
0.102695
0.102719
0.102742
0.102766
0.102789
0.102812
0.102836
0.102859
0.102883
0.102906
0.102929
0.102953
0.102976
0.102999
0.103022
0.103046
0.103069
0.103092
0.103115
0.103138
0.103161
0.103184
0.103207
0.10323
0.103253
0.103276
0.103299
0.103322
0.103345
0.103368
0.103391
0.103414
0.103436
0.103459
0.103482
0.103505
0.103527
0.10355
0.103573
0.103596
0.103618
0.103641
0.103663
0.103686
0.103708
0.103731
0.103753
0.103776
0.103798
0.103821
0.103843
0.103866
0.103888
0.10391
0.103933
0.103955
0.103977
0.103999
0.104022
0.104044
0.104066
0.104088
0.10411
0.104132
0.104155
0.104177
0.104199
0.104221
0.104243
0.104265
0.104287
0.104308
0.10433
0.104352
0.104374
0.104396
0.104418
0.10444
0.104461
0.104483
0.104505
0.104527
0.104548
0.10457
0.104591
0.104613
0.104635
0.104656
0.104678
0.104699
0.104721
0.104742
0.104764
0.104785
0.104807
0.104828
0.104849
0.104871
0.104892
0.104913
0.104935
0.104956
0.104977
0.104998
0.105019
0.105041
0.105062
0.105083
0.105104
0.105125
0.105146
0.105167
0.105188
0.105209
0.10523
0.105251
0.105272
0.105293
0.105314
0.105334
0.105355
0.105376
0.105397
0.105418
0.105438
0.105459
0.10548
0.1055
0.105521
0.105542
0.105562
0.105583
0.105603
0.105624
0.105644
0.105665
0.105685
0.105706
0.105726
0.105747
0.105767
0.105787
0.105808
0.105828
0.105848
0.105869
0.105889
0.105909
0.105929
0.105949
0.10597
0.10599
0.10601
0.10603
0.10605
0.10607
0.10609
0.10611
0.10613
0.10615
0.10617
0.10619
0.10621
0.106229
0.106249
0.106269
0.106289
0.106309
0.106328
0.106348
0.106368
0.106388
0.106407
0.106427
0.106446
0.106466
0.106486
0.106505
0.106525
0.106544
0.106564
0.106583
0.106603
0.106622
0.106641
0.106661
0.10668
0.106699
0.106719
0.106738
0.106757
0.106777
0.106796
0.106815
0.106834
0.106853
0.106872
0.106892
0.106911
0.10693
0.106949
0.106968
0.106987
0.107006
0.107025
0.107044
0.107062
0.107081
0.1071
0.107119
0.107138
0.107157
0.107175
0.107194
0.107213
0.107232
0.10725
0.107269
0.107288
0.107306
0.107325
0.107343
0.107362
0.107381
0.107399
0.107418
0.107436
0.107454
0.107473
0.107491
0.10751
0.107528
0.107546
0.107565
0.107583
0.107601
0.10762
0.107638
0.107656
0.107674
0.107692
0.10771
0.107729
0.107747
0.107765
0.107783
0.107801
0.107819
0.107837
0.107855
0.107873
0.107891
0.107909
0.107926
0.107944
0.107962
0.10798
0.107998
0.108015
0.108033
0.108051
0.108069
0.108086
0.108104
0.108122
0.108139
0.108157
0.108174
0.108192
0.10821
0.108227
0.108245
0.108262
0.108279
0.108297
0.108314
0.108332
0.108349
0.108366
0.108384
0.108401
0.108418
0.108435
0.108453
0.10847
0.108487
0.108504
0.108521
0.108538
0.108556
0.108573
0.10859
0.108607
0.108624
0.108641
0.108658
0.108675
0.108692
0.108709
0.108725
0.108742
0.108759
0.108776
0.108793
0.108809
0.108826
0.108843
0.10886
0.108876
0.108893
0.10891
0.108926
0.108943
0.10896
0.108976
0.108993
0.109009
0.109026
0.109042
0.109059
0.109075
0.109091
0.109108
0.109124
0.109141
0.109157
0.109173
0.109189
0.109206
0.109222
0.109238
0.109254
0.109271
0.109287
0.109303
0.109319
0.109335
0.109351
0.109367
0.109383
0.109399
0.109415
0.109431
0.109447
0.109463
0.109479
0.109495
0.109511
0.109527
0.109542
0.109558
0.109574
0.10959
0.109605
0.109621
0.109637
0.109653
0.109668
0.109684
0.109699
0.109715
0.109731
0.109746
0.109762
0.109777
0.109793
0.109808
0.109824
0.109839
0.109854
0.10987
0.109885
0.1099
0.109916
0.109931
0.109946
0.109962
0.109977
0.109992
0.110007
0.110022
0.110038
0.110053
0.110068
0.110083
0.110098
0.110113
0.110128
0.110143
0.110158
0.110173
0.110188
0.110203
0.110218
0.110233
0.110247
0.110262
0.110277
0.110292
0.110307
0.110321
0.110336
0.110351
0.110366
0.11038
0.110395
0.110409
0.110424
0.110439
0.110453
0.110468
0.110482
0.110497
0.110511
0.110526
0.11054
0.110555
0.110569
0.110583
0.110598
0.110612
0.110626
0.110641
0.110655
0.110669
0.110683
0.110698
0.110712
0.110726
0.11074
0.110754
0.110768
0.110783
0.110797
0.110811
0.110825
0.110839
0.110853
0.110867
0.110881
0.110895
0.110908
0.110922
0.110936
0.11095
0.110964
0.110978
0.110992
0.111005
0.111019
0.111033
0.111046
0.11106
0.111074
0.111087
0.111101
0.111115
0.111128
0.111142
0.111155
0.111169
0.111182
0.111196
0.111209
0.111223
0.111236
0.11125
0.111263
0.111276
0.11129
0.111303
0.111316
0.11133
0.111343
0.111356
0.111369
0.111383
0.111396
0.111409
0.111422
0.111435
0.111448
0.111461
0.111474
0.111487
0.1115
0.111513
0.111526
0.111539
0.111552
0.111565
0.111578
0.111591
0.111604
0.111617
0.11163
0.111642
0.111655
0.111668
0.111681
0.111693
0.111706
0.111719
0.111731
0.111744
0.111757
0.111769
0.111782
0.111794
0.111807
0.111819
0.111832
0.111844
0.111857
0.111869
0.111882
0.111894
0.111907
0.111919
0.111931
0.111944
0.111956
0.111968
0.11198
0.111993
0.112005
0.112017
0.112029
0.112041
0.112054
0.112066
0.112078
0.11209
0.112102
0.112114
0.112126
0.112138
0.11215
0.112162
0.112174
0.112186
0.112198
0.11221
0.112222
0.112233
0.112245
0.112257
0.112269
0.112281
0.112292
0.112304
0.112316
0.112328
0.112339
0.112351
0.112363
0.112374
0.112386
0.112397
0.112409
0.11242
0.112432
0.112444
0.112455
0.112466
0.112478
0.112489
0.112501
0.112512
0.112524
0.112535
0.112546
0.112557
0.112569
0.11258
0.112591
0.112603
0.112614
0.112625
0.112636
0.112647
0.112658
0.11267
0.112681
0.112692
0.112703
0.112714
0.112725
0.112736
0.112747
0.112758
0.112769
0.11278
0.112791
0.112801
0.112812
0.112823
0.112834
0.112845
0.112856
0.112866
0.112877
0.112888
0.112899
0.112909
0.11292
0.112931
0.112941
0.112952
0.112963
0.112973
0.112984
0.112994
0.113005
0.113015
0.113026
0.113036
0.113047
0.113057
0.113068
0.113078
0.113088
0.113099
0.113109
0.113119
0.11313
0.11314
0.11315
0.11316
0.113171
0.113181
0.113191
0.113201
0.113211
0.113221
0.113232
0.113242
0.113252
0.113262
0.113272
0.113282
0.113292
0.113302
0.113312
0.113322
0.113332
0.113342
0.113352
0.113361
0.113371
0.113381
0.113391
0.113401
0.11341
0.11342
0.11343
0.11344
0.113449
0.113459
0.113469
0.113478
0.113488
0.113498
0.113507
0.113517
0.113526
0.113536
0.113545
0.113555
0.113564
0.113574
0.113583
0.113593
0.113602
0.113612
0.113621
0.11363
0.11364
0.113649
0.113658
0.113668
0.113677
0.113686
0.113695
0.113705
0.113714
0.113723
0.113732
0.113741
0.11375
0.113759
0.113768
0.113778
0.113787
0.113796
0.113805
0.113814
0.113823
0.113832
0.11384
0.113849
0.113858
0.113867
0.113876
0.113885
0.113894
0.113903
0.113911
0.11392
0.113929
0.113938
0.113946
0.113955
0.113964
0.113972
0.113981
0.11399
0.113998
0.114007
0.114015
0.114024
0.114033
0.114041
0.11405
0.114058
0.114067
0.114075
0.114083
0.114092
0.1141
0.114109
0.114117
0.114125
0.114134
0.114142
0.11415
0.114159
0.114167
0.114175
0.114183
0.114191
0.1142
0.114208
0.114216
0.114224
0.114232
0.11424
0.114248
0.114256
0.114264
0.114273
0.114281
0.114289
0.114296
0.114304
0.114312
0.11432
0.114328
0.114336
0.114344
0.114352
0.11436
0.114367
0.114375
0.114383
0.114391
0.114399
0.114406
0.114414
0.114422
0.114429
0.114437
0.114445
0.114452
0.11446
0.114468
0.114475
0.114483
0.11449
0.114498
0.114505
0.114513
0.11452
0.114528
0.114535
0.114542
0.11455
0.114557
0.114565
0.114572
0.114579
0.114587
0.114594
0.114601
0.114608
0.114616
0.114623
0.11463
0.114637
0.114644
0.114652
0.114659
0.114666
0.114673
0.11468
0.114687
0.114694
0.114701
0.114708
0.114715
0.114722
0.114729
0.114736
0.114743
0.11475
0.114757
0.114764
0.114771
0.114778
0.114784
0.114791
0.114798
0.114805
0.114812
0.114818
0.114825
0.114832
0.114839
0.114845
0.114852
0.114859
0.114865
0.114872
0.114878
0.114885
0.114892
0.114898
0.114905
0.114911
0.114918
0.114924
0.114931
0.114937
0.114943
0.11495
0.114956
0.114963
0.114969
0.114975
0.114982
0.114988
0.114994
0.115001
0.115007
0.115013
0.115019
0.115026
0.115032
0.115038
0.115044
0.11505
0.115056
0.115063
0.115069
0.115075
0.115081
0.115087
0.115093
0.115099
0.115105
0.115111
0.115117
0.115123
0.115129
0.115135
0.115141
0.115146
0.115152
0.115158
0.115164
0.11517
0.115176
0.115181
0.115187
0.115193
0.115199
0.115204
0.11521
0.115216
0.115221
0.115227
0.115233
0.115238
0.115244
0.11525
0.115255
0.115261
0.115266
0.115272
0.115277
0.115283
0.115288
0.115294
0.115299
0.115305
0.11531
0.115315
0.115321
0.115326
0.115332
0.115337
0.115342
0.115348
0.115353
0.115358
0.115363
0.115369
0.115374
0.115379
0.115384
0.115389
0.115395
0.1154
0.115405
0.11541
0.115415
0.11542
0.115425
0.11543
0.115435
0.11544
0.115445
0.11545
0.115455
0.11546
0.115465
0.11547
0.115475
0.11548
0.115485
0.11549
0.115494
0.115499
0.115504
0.115509
0.115514
0.115518
0.115523
0.115528
0.115533
0.115537
0.115542
0.115547
0.115551
0.115556
0.115561
0.115565
0.11557
0.115574
0.115579
0.115583
0.115588
0.115593
0.115597
0.115601
0.115606
0.11561
0.115615
0.115619
0.115624
0.115628
0.115632
0.115637
0.115641
0.115645
0.11565
0.115654
0.115658
0.115663
0.115667
0.115671
0.115675
0.11568
0.115684
0.115688
0.115692
0.115696
0.1157
0.115704
0.115709
0.115713
0.115717
0.115721
0.115725
0.115729
0.115733
0.115737
0.115741
0.115745
0.115749
0.115753
0.115757
0.115761
0.115764
0.115768
0.115772
0.115776
0.11578
0.115784
0.115787
0.115791
0.115795
0.115799
0.115802
0.115806
0.11581
0.115814
0.115817
0.115821
0.115825
0.115828
0.115832
0.115835
0.115839
0.115843
0.115846
0.11585
0.115853
0.115857
0.11586
0.115864
0.115867
0.115871
0.115874
0.115877
0.115881
0.115884
0.115888
0.115891
0.115894
0.115898
0.115901
0.115904
0.115908
0.115911
0.115914
0.115917
0.115921
0.115924
0.115927
0.11593
0.115933
0.115937
0.11594
0.115943
0.115946
0.115949
0.115952
0.115955
0.115958
0.115961
0.115964
0.115967
0.11597
0.115973
0.115976
0.115979
0.115982
0.115985
0.115988
0.115991
0.115994
0.115997
0.115999
0.116002
0.116005
0.116008
0.116011
0.116014
0.116016
0.116019
0.116022
0.116025
0.116027
0.11603
0.116033
0.116035
0.116038
0.116041
0.116043
0.116046
0.116048
0.116051
0.116054
0.116056
0.116059
0.116061
0.116064
0.116066
0.116069
0.116071
0.116074
0.116076
0.116078
0.116081
0.116083
0.116086
0.116088
0.11609
0.116093
0.116095
0.116097
0.1161
0.116102
0.116104
0.116106
0.116109
0.116111
0.116113
0.116115
0.116117
0.11612
0.116122
0.116124
0.116126
0.116128
0.11613
0.116132
0.116134
0.116136
0.116139
0.116141
0.116143
0.116145
0.116147
0.116149
0.116151
0.116152
0.116154
0.116156
0.116158
0.11616
0.116162
0.116164
0.116166
0.116168
0.116169
0.116171
0.116173
0.116175
0.116177
0.116178
0.11618
0.116182
0.116183
0.116185
0.116187
0.116189
0.11619
0.116192
0.116194
0.116195
0.116197
0.116198
0.1162
0.116201
0.116203
0.116205
0.116206
0.116208
0.116209
0.116211
0.116212
0.116214
0.116215
0.116216
0.116218
0.116219
0.116221
0.116222
0.116223
0.116225
0.116226
0.116227
0.116229
0.11623
0.116231
0.116233
0.116234
0.116235
0.116236
0.116237
0.116239
0.11624
0.116241
0.116242
0.116243
0.116244
0.116246
0.116247
0.116248
0.116249
0.11625
0.116251
0.116252
0.116253
0.116254
0.116255
0.116256
0.116257
0.116258
0.116259
0.11626
0.116261
0.116262
0.116263
0.116264
0.116264
0.116265
0.116266
0.116267
0.116268
0.116269
0.116269
0.11627
0.116271
0.116272
0.116273
0.116273
0.116274
0.116275
0.116275
0.116276
0.116277
0.116277
0.116278
0.116279
0.116279
0.11628
0.11628
0.116281
0.116282
0.116282
0.116283
0.116283
0.116284
0.116284
0.116285
0.116285
0.116286
0.116286
0.116287
0.116287
0.116287
0.116288
0.116288
0.116289
0.116289
0.116289
0.11629
0.11629
0.11629
0.11629
0.116291
0.116291
0.116291
0.116292
0.116292
0.116292
0.116292
0.116292
0.116293
0.116293
0.116293
0.116293
0.116293
0.116293
0.116293
0.116294
0.116294
0.116294
0.116294
0.116294
0.116294
0.116294
0.116294
0.116294
0.116294
0.116294
0.116294
0.116294
0.116294
0.116294
0.116294
0.116293
0.116293
0.116293
0.116293
0.116293
0.116293
0.116293
0.116292
0.116292
0.116292
0.116292
0.116291
0.116291
0.116291
0.116291
0.11629
0.11629
0.11629
0.11629
0.116289
0.116289
0.116288
0.116288
0.116288
0.116287
0.116287
0.116286
0.116286
0.116286
0.116285
0.116285
0.116284
0.116284
0.116283
0.116283
0.116282
0.116282
0.116281
0.116281
0.11628
0.116279
0.116279
0.116278
0.116278
0.116277
0.116276
0.116276
0.116275
0.116274
0.116274
0.116273
0.116272
0.116271
0.116271
0.11627
0.116269
0.116268
0.116268
0.116267
0.116266
0.116265
0.116264
0.116263
0.116263
0.116262
0.116261
0.11626
0.116259
0.116258
0.116257
0.116256
0.116255
0.116254
0.116253
0.116252
0.116251
0.11625
0.116249
0.116248
0.116247
0.116246
0.116245
0.116244
0.116243
0.116242
0.116241
0.11624
0.116239
0.116237
0.116236
0.116235
0.116234
0.116233
0.116231
0.11623
0.116229
0.116228
0.116227
0.116225
0.116224
0.116223
0.116221
0.11622
0.116219
0.116217
0.116216
0.116215
0.116213
0.116212
0.116211
0.116209
0.116208
0.116206
0.116205
0.116204
0.116202
0.116201
0.116199
0.116198
0.116196
0.116195
0.116193
0.116192
0.11619
0.116188
0.116187
0.116185
0.116184
0.116182
0.116181
0.116179
0.116177
0.116176
0.116174
0.116172
0.116171
0.116169
0.116167
0.116165
0.116164
0.116162
0.11616
0.116159
0.116157
0.116155
0.116153
0.116151
0.11615
0.116148
0.116146
0.116144
0.116142
0.11614
0.116138
0.116137
0.116135
0.116133
0.116131
0.116129
0.116127
0.116125
0.116123
0.116121
0.116119
0.116117
0.116115
0.116113
0.116111
0.116109
0.116107
0.116105
0.116103
0.116101
0.116099
0.116097
0.116094
0.116092
0.11609
0.116088
0.116086
0.116084
0.116082
0.116079
0.116077
0.116075
0.116073
0.11607
0.116068
0.116066
0.116064
0.116061
0.116059
0.116057
0.116055
0.116052
0.11605
0.116048
0.116045
0.116043
0.116041
0.116038
0.116036
0.116033
0.116031
0.116029
0.116026
0.116024
0.116021
0.116019
0.116016
0.116014
0.116011
0.116009
0.116006
0.116004
0.116001
0.115999
0.115996
0.115994
0.115991
0.115988
0.115986
0.115983
0.115981
0.115978
0.115975
0.115973
0.11597
0.115967
0.115965
0.115962
0.115959
0.115956
0.115954
0.115951
0.115948
0.115946
0.115943
0.11594
0.115937
0.115934
0.115932
0.115929
0.115926
0.115923
0.11592
0.115917
0.115915
0.115912
0.115909
0.115906
0.115903
0.1159
0.115897
0.115894
0.115891
0.115888
0.115885
0.115882
0.115879
0.115876
0.115873
0.11587
0.115867
0.115864
0.115861
0.115858
0.115855
0.115852
0.115849
0.115846
0.115843
0.11584
0.115837
0.115834
0.11583
0.115827
0.115824
0.115821
0.115818
0.115815
0.115811
0.115808
0.115805
0.115802
0.115798
0.115795
0.115792
0.115789
0.115785
0.115782
0.115779
0.115775
0.115772
0.115769
0.115765
0.115762
0.115759
0.115755
0.115752
0.115749
0.115745
0.115742
0.115738
0.115735
0.115732
0.115728
0.115725
0.115721
0.115718
0.115714
0.115711
0.115707
0.115704
0.1157
0.115697
0.115693
0.11569
0.115686
0.115683
0.115679
0.115675
0.115672
0.115668
0.115665
0.115661
0.115657
0.115654
0.11565
0.115646
0.115643
0.115639
0.115635
0.115632
0.115628
0.115624
0.11562
0.115617
0.115613
0.115609
0.115605
0.115602
0.115598
0.115594
0.11559
0.115586
0.115583
0.115579
0.115575
0.115571
0.115567
0.115563
0.11556
0.115556
0.115552
0.115548
0.115544
0.11554
0.115536
0.115532
0.115528
0.115524
0.11552
0.115516
0.115512
0.115508
0.115504
0.1155
0.115496
0.115492
0.115488
0.115484
0.11548
0.115476
0.115472
0.115468
0.115464
0.11546
0.115456
0.115451
0.115447
0.115443
0.115439
0.115435
0.115431
0.115427
0.115422
0.115418
0.115414
0.11541
0.115406
0.115401
0.115397
0.115393
0.115389
0.115384
0.11538
0.115376
0.115372
0.115367
0.115363
0.115359
0.115354
0.11535
0.115346
0.115341
0.115337
0.115333
0.115328
0.115324
0.115319
0.115315
0.115311
0.115306
0.115302
0.115297
0.115293
0.115288
0.115284
0.115279
0.115275
0.11527
0.115266
0.115261
0.115257
0.115252
0.115248
0.115243
0.115239
0.115234
0.11523
0.115225
0.11522
0.115216
0.115211
0.115207
0.115202
0.115197
0.115193
0.115188
0.115184
0.115179
0.115174
0.11517
0.115165
0.11516
0.115155
0.115151
0.115146
0.115141
0.115137
0.115132
0.115127
0.115122
0.115117
0.115113
0.115108
0.115103
0.115098
0.115094
0.115089
0.115084
0.115079
0.115074
0.115069
0.115064
0.11506
0.115055
0.11505
0.115045
0.11504
0.115035
0.11503
0.115025
0.11502
0.115015
0.11501
0.115005
0.115001
0.114996
0.114991
0.114986
0.114981
0.114976
0.114971
0.114966
0.11496
0.114955
0.11495
0.114945
0.11494
0.114935
0.11493
0.114925
0.11492
0.114915
0.11491
0.114905
0.114899
0.114894
0.114889
0.114884
0.114879
0.114874
0.114868
0.114863
0.114858
0.114853
0.114848
0.114842
0.114837
0.114832
0.114827
0.114822
0.114816
0.114811
0.114806
0.1148
0.114795
0.11479
0.114785
0.114779
0.114774
0.114769
0.114763
0.114758
0.114753
0.114747
0.114742
0.114736
0.114731
0.114726
0.11472
0.114715
0.114709
0.114704
0.114699
0.114693
0.114688
0.114682
0.114677
0.114671
0.114666
0.11466
0.114655
0.114649
0.114644
0.114638
0.114633
0.114627
0.114622
0.114616
0.114611
0.114605
0.1146
0.114594
0.114588
0.114583
0.114577
0.114572
0.114566
0.11456
0.114555
0.114549
0.114543
0.114538
0.114532
0.114526
0.114521
0.114515
0.114509
0.114504
0.114498
0.114492
0.114487
0.114481
0.114475
0.114469
0.114464
0.114458
0.114452
0.114446
0.114441
0.114435
0.114429
0.114423
0.114417
0.114412
0.114406
0.1144
0.114394
0.114388
0.114382
0.114377
0.114371
0.114365
0.114359
0.114353
0.114347
0.114341
0.114335
0.114329
0.114324
0.114318
0.114312
0.114306
0.1143
0.114294
0.114288
0.114282
0.114276
0.11427
0.114264
0.114258
0.114252
0.114246
0.11424
0.114234
0.114228
0.114222
0.114216
0.11421
0.114204
0.114197
0.114191
0.114185
0.114179
0.114173
0.114167
0.114161
0.114155
0.114149
0.114142
0.114136
0.11413
0.114124
0.114118
0.114112
0.114105
0.114099
0.114093
0.114087
0.114081
0.114074
0.114068
0.114062
0.114056
0.11405
0.114043
0.114037
0.114031
0.114025
0.114018
0.114012
0.114006
0.113999
0.113993
0.113987
0.11398
0.113974
0.113968
0.113961
0.113955
0.113949
0.113942
0.113936
0.11393
0.113923
0.113917
0.113911
0.113904
0.113898
0.113891
0.113885
0.113878
0.113872
0.113866
0.113859
0.113853
0.113846
0.11384
0.113833
0.113827
0.11382
0.113814
0.113807
0.113801
0.113794
0.113788
0.113781
0.113775
0.113768
0.113762
0.113755
0.113749
0.113742
0.113735
0.113729
0.113722
0.113716
0.113709
0.113702
0.113696
0.113689
0.113683
0.113676
0.113669
0.113663
0.113656
0.113649
0.113643
0.113636
0.113629
0.113623
0.113616
0.113609
0.113603
0.113596
0.113589
0.113582
0.113576
0.113569
0.113562
0.113555
0.113549
0.113542
0.113535
0.113528
0.113522
0.113515
0.113508
0.113501
0.113494
0.113488
0.113481
0.113474
0.113467
0.11346
0.113454
0.113447
0.11344
0.113433
0.113426
0.113419
0.113412
0.113405
0.113399
0.113392
0.113385
0.113378
0.113371
0.113364
0.113357
0.11335
0.113343
0.113336
0.113329
0.113322
0.113315
0.113308
0.113301
0.113294
0.113287
0.11328
0.113273
0.113266
0.113259
0.113252
0.113245
0.113238
0.113231
0.113224
0.113217
0.11321
0.113203
0.113196
0.113189
0.113182
0.113175
0.113168
0.113161
0.113154
0.113146
0.113139
0.113132
0.113125
0.113118
0.113111
0.113104
0.113096
0.113089
0.113082
0.113075
0.113068
0.113061
0.113053
0.113046
0.113039
0.113032
0.113025
0.113017
0.11301
0.113003
0.112996
0.112988
0.112981
0.112974
0.112967
0.112959
0.112952
0.112945
0.112938
0.11293
0.112923
0.112916
0.112908
0.112901
0.112894
0.112886
0.112879
0.112872
0.112864
0.112857
0.11285
0.112842
0.112835
0.112828
0.11282
0.112813
0.112806
0.112798
0.112791
0.112783
0.112776
0.112769
0.112761
0.112754
0.112746
0.112739
0.112731
0.112724
0.112717
0.112709
0.112702
0.112694
0.112687
0.112679
0.112672
0.112664
0.112657
0.112649
0.112642
0.112634
0.112627
0.112619
0.112612
0.112604
0.112597
0.112589
0.112581
0.112574
0.112566
0.112559
0.112551
0.112544
0.112536
0.112528
0.112521
0.112513
0.112506
0.112498
0.11249
0.112483
0.112475
0.112468
0.11246
0.112452
0.112445
0.112437
0.112429
0.112422
0.112414
0.112406
0.112399
0.112391
0.112383
0.112376
0.112368
0.11236
0.112352
0.112345
0.112337
0.112329
0.112321
0.112314
0.112306
0.112298
0.11229
0.112283
0.112275
0.112267
0.112259
0.112252
0.112244
0.112236
0.112228
0.11222
0.112213
0.112205
0.112197
0.112189
0.112181
0.112174
0.112166
0.112158
0.11215
0.112142
0.112134
0.112126
0.112119
0.112111
0.112103
0.112095
0.112087
0.112079
0.112071
0.112063
0.112055
0.112048
0.11204
0.112032
0.112024
0.112016
0.112008
0.112
0.111992
0.111984
0.111976
0.111968
0.11196
0.111952
0.111944
0.111936
0.111928
0.11192
0.111912
0.111904
0.111896
0.111888
0.11188
0.111872
0.111864
0.111856
0.111848
0.11184
0.111832
0.111824
0.111816
0.111808
0.1118
0.111792
0.111784
0.111776
0.111767
0.111759
0.111751
0.111743
0.111735
0.111727
0.111719
0.111711
0.111703
0.111694
0.111686
0.111678
0.11167
0.111662
0.111654
0.111646
0.111637
0.111629
0.111621
0.111613
0.111605
0.111597
0.111588
0.11158
0.111572
0.111564
0.111556
0.111547
0.111539
0.111531
0.111523
0.111514
0.111506
0.111498
0.11149
0.111481
0.111473
0.111465
0.111457
0.111448
0.11144
0.111432
0.111424
0.111415
0.111407
0.111399
0.11139
0.111382
0.111374
0.111365
0.111357
0.111349
0.11134
0.111332
0.111324
0.111315
0.111307
0.111299
0.11129
0.111282
0.111274
0.111265
0.111257
0.111249
0.11124
0.111232
0.111223
0.111215
0.111207
0.111198
0.11119
0.111181
0.111173
0.111164
0.111156
0.111148
0.111139
0.111131
0.111122
0.111114
0.111105
0.111097
0.111088
0.11108
0.111072
0.111063
0.111055
0.111046
0.111038
0.111029
0.111021
0.111012
0.111004
0.110995
0.110987
0.110978
0.11097
0.110961
0.110952
0.110944
0.110935
0.110927
0.110918
0.11091
0.110901
0.110893
0.110884
0.110876
0.110867
0.110858
0.11085
0.110841
0.110833
0.110824
0.110815
0.110807
0.110798
0.11079
0.110781
0.110772
0.110764
0.110755
0.110746
0.110738
0.110729
0.110721
0.110712
0.110703
0.110695
0.110686
0.110677
0.110669
0.11066
0.110651
0.110643
0.110634
0.110625
0.110616
0.110608
0.110599
0.11059
0.110582
0.110573
0.110564
0.110556
0.110547
0.110538
0.110529
0.110521
0.110512
0.110503
0.110494
0.110486
0.110477
0.110468
0.110459
0.110451
0.110442
0.110433
0.110424
0.110415
0.110407
0.110398
0.110389
0.11038
0.110371
0.110363
0.110354
0.110345
0.110336
0.110327
0.110319
0.11031
0.110301
0.110292
0.110283
0.110274
0.110266
0.110257
0.110248
0.110239
0.11023
0.110221
0.110212
0.110203
0.110195
0.110186
0.110177
0.110168
0.110159
0.11015
0.110141
0.110132
0.110123
0.110114
0.110106
0.110097
0.110088
0.110079
0.11007
0.110061
0.110052
0.110043
0.110034
0.110025
0.110016
0.110007
0.109998
0.109989
0.10998
0.109971
0.109962
0.109953
0.109944
0.109935
0.109926
0.109917
0.109908
0.109899
0.10989
0.109881
0.109872
0.109863
0.109854
0.109845
0.109836
0.109827
0.109818
0.109809
0.1098
0.109791
0.109782
0.109773
0.109764
0.109755
0.109746
0.109737
0.109728
0.109719
0.10971
0.1097
0.109691
0.109682
0.109673
0.109664
0.109655
0.109646
0.109637
0.109628
0.109619
0.109609
0.1096
0.109591
0.109582
0.109573
0.109564
0.109555
0.109546
0.109536
0.109527
0.109518
0.109509
0.1095
0.109491
0.109481
0.109472
0.109463
0.109454
0.109445
0.109436
0.109426
0.109417
0.109408
0.109399
0.10939
0.10938
0.109371
0.109362
0.109353
0.109344
0.109334
0.109325
0.109316
0.109307
0.109298
0.109288
0.109279
0.10927
0.109261
0.109251
0.109242
0.109233
0.109224
0.109214
0.109205
0.109196
0.109187
0.109177
0.109168
0.109159
0.109149
0.10914
0.109131
0.109122
0.109112
0.109103
0.109094
0.109084
0.109075
0.109066
0.109056
0.109047
0.109038
0.109028
0.109019
0.10901
0.109
0.108991
0.108982
0.108972
0.108963
0.108954
0.108944
0.108935
0.108926
0.108916
0.108907
0.108898
0.108888
0.108879
0.10887
0.10886
0.108851
0.108841
0.108832
0.108823
0.108813
0.108804
0.108794
0.108785
0.108776
0.108766
0.108757
0.108747
0.108738
0.108729
0.108719
0.10871
0.1087
0.108691
0.108681
0.108672
0.108663
0.108653
0.108644
0.108634
0.108625
0.108615
0.108606
0.108596
0.108587
0.108577
0.108568
0.108558
0.108549
0.10854
0.10853
0.108521
0.108511
0.108502
0.108492
0.108483
0.108473
0.108464
0.108454
0.108445
0.108435
0.108426
0.108416
0.108407
0.108397
0.108387
0.108378
0.108368
0.108359
0.108349
0.10834
0.10833
0.108321
0.108311
0.108302
0.108292
0.108283
0.108273
0.108263
0.108254
0.108244
0.108235
0.108225
0.108216
0.108206
0.108196
0.108187
0.108177
0.108168
0.108158
0.108148
0.108139
0.108129
0.10812
0.10811
0.1081
0.108091
0.108081
0.108072
0.108062
0.108052
0.108043
0.108033
0.108024
0.108014
0.108004
0.107995
0.107985
0.107975
0.107966
0.107956
0.107946
0.107937
0.107927
0.107917
0.107908
0.107898
0.107888
0.107879
0.107869
0.107859
0.10785
0.10784
0.10783
0.107821
0.107811
0.107801
0.107792
0.107782
0.107772
0.107763
0.107753
0.107743
0.107734
0.107724
0.107714
0.107704
0.107695
0.107685
0.107675
0.107666
0.107656
0.107646
0.107636
0.107627
0.107617
0.107607
0.107597
0.107588
0.107578
0.107568
0.107558
0.107549
0.107539
0.107529
0.107519
0.10751
0.1075
0.10749
0.10748
0.107471
0.107461
0.107451
0.107441
0.107431
0.107422
0.107412
0.107402
0.107392
0.107383
0.107373
0.107363
0.107353
0.107343
0.107334
0.107324
0.107314
0.107304
0.107294
0.107284
0.107275
0.107265
0.107255
0.107245
0.107235
0.107226
0.107216
0.107206
0.107196
0.107186
0.107176
0.107167
0.107157
0.107147
0.107137
0.107127
0.107117
0.107107
0.107098
0.107088
0.107078
0.107068
0.107058
0.107048
0.107038
0.107029
0.107019
0.107009
0.106999
0.106989
0.106979
0.106969
0.106959
0.106949
0.10694
0.10693
0.10692
0.10691
0.1069
0.10689
0.10688
0.10687
0.10686
0.10685
0.106841
0.106831
0.106821
0.106811
0.106801
0.106791
0.106781
0.106771
0.106761
0.106751
0.106741
0.106731
0.106721
0.106711
0.106702
0.106692
0.106682
0.106672
0.106662
0.106652
0.106642
0.106632
0.106622
0.106612
0.106602
0.106592
0.106582
0.106572
0.106562
0.106552
0.106542
0.106532
0.106522
0.106512
0.106502
0.106492
0.106482
0.106472
0.106462
0.106452
0.106442
0.106432
0.106422
0.106412
0.106402
0.106392
0.106382
0.106372
0.106362
0.106352
0.106342
0.106332
0.106322
0.106312
0.106302
0.106292
0.106282
0.106272
0.106262
0.106252
0.106242
0.106232
0.106222
0.106212
0.106202
0.106192
0.106182
0.106172
0.106162
0.106152
0.106142
0.106132
0.106122
0.106111
0.106101
0.106091
0.106081
0.106071
0.106061
0.106051
0.106041
0.106031
0.106021
0.106011
0.106001
0.105991
0.105981
0.10597
0.10596
0.10595
0.10594
0.10593
0.10592
0.10591
0.1059
0.10589
0.10588
0.10587
0.105859
0.105849
0.105839
0.105829
0.105819
0.105809
0.105799
0.105789
0.105779
0.105768
0.105758
0.105748
0.105738
0.105728
0.105718
0.105708
0.105698
0.105687
0.105677
0.105667
0.105657
0.105647
0.105637
0.105627
0.105617
0.105606
0.105596
0.105586
0.105576
0.105566
0.105556
0.105546
0.105535
0.105525
0.105515
0.105505
0.105495
0.105485
0.105474
0.105464
0.105454
0.105444
0.105434
0.105424
0.105413
0.105403
0.105393
0.105383
0.105373
0.105363
0.105352
0.105342
0.105332
0.105322
0.105312
0.105301
0.105291
0.105281
0.105271
0.105261
0.10525
0.10524
0.10523
0.10522
0.10521
0.105199
0.105189
0.105179
0.105169
0.105159
0.105148
0.105138
0.105128
0.105118
0.105108
0.105097
0.105087
0.105077
0.105067
0.105056
0.105046
0.105036
0.105026
0.105016
0.105005
0.104995
0.104985
0.104975
0.104964
0.104954
0.104944
0.104934
0.104923
0.104913
0.104903
0.104893
0.104882
0.104872
0.104862
0.104852
0.104841
0.104831
0.104821
0.104811
0.1048
0.10479
0.10478
0.10477
0.104759
0.104749
0.104739
0.104729
0.104718
0.104708
0.104698
0.104687
0.104677
0.104667
0.104657
0.104646
0.104636
0.104626
0.104615
0.104605
0.104595
0.104585
0.104574
0.104564
0.104554
0.104543
0.104533
0.104523
0.104513
0.104502
0.104492
0.104482
0.104471
0.104461
0.104451
0.10444
0.10443
0.10442
0.10441
0.104399
0.104389
0.104379
0.104368
0.104358
0.104348
0.104337
0.104327
0.104317
0.104306
0.104296
0.104286
0.104275
0.104265
0.104255
0.104245
0.104234
0.104224
0.104214
0.104203
0.104193
0.104183
0.104172
0.104162
0.104152
0.104141
0.104131
0.104121
0.10411
0.1041
0.104089
0.104079
0.104069
0.104058
0.104048
0.104038
0.104027
0.104017
0.104007
0.103996
0.103986
0.103976
0.103965
0.103955
0.103945
0.103934
0.103924
0.103914
0.103903
0.103893
0.103882
0.103872
0.103862
0.103851
0.103841
0.103831
0.10382
0.10381
0.103799
0.103789
0.103779
0.103768
0.103758
0.103748
0.103737
0.103727
0.103716
0.103706
0.103696
0.103685
0.103675
0.103665
0.103654
0.103644
0.103633
0.103623
0.103613
0.103602
0.103592
0.103581
0.103571
0.103561
0.10355
0.10354
0.103529
0.103519
0.103509
0.103498
0.103488
0.103477
0.103467
0.103457
0.103446
0.103436
0.103425
0.103415
0.103405
0.103394
0.103384
0.103373
0.103363
0.103353
0.103342
0.103332
0.103321
0.103311
0.103301
0.10329
0.10328
0.103269
0.103259
0.103248
0.103238
0.103228
0.103217
0.103207
0.103196
0.103186
0.103175
0.103165
0.103155
0.103144
0.103134
0.103123
0.103113
0.103102
0.103092
0.103082
0.103071
0.103061
0.10305
0.10304
0.103029
0.103019
0.103009
0.102998
0.102988
0.102977
0.102967
0.102956
0.102946
0.102935
0.102925
0.102915
0.102904
0.102894
0.102883
0.102873
0.102862
0.102852
0.102841
0.102831
0.102821
0.10281
0.1028
0.102789
0.102779
0.102768
0.102758
0.102747
0.102737
0.102726
0.102716
0.102705
0.102695
0.102685
0.102674
0.102664
0.102653
0.102643
0.102632
0.102622
0.102611
0.102601
0.10259
0.10258
0.102569
0.102559
0.102549
0.102538
0.102528
0.102517
0.102507
0.102496
0.102486
0.102475
0.102465
0.102454
0.102444
0.102433
0.102423
0.102412
0.102402
0.102391
0.102381
0.10237
0.10236
0.102349
0.102339
0.102329
0.102318
0.102308
0.102297
0.102287
0.102276
0.102266
0.102255
0.102245
0.102234
0.102224
0.102213
0.102203
0.102192
0.102182
0.102171
0.102161
0.10215
0.10214
0.102129
0.102119
0.102108
0.102098
0.102087
0.102077
0.102066
0.102056
0.102045
0.102035
0.102024
0.102014
0.102003
0.101993
0.101982
0.101972
0.101961
0.101951
0.10194
0.10193
0.101919
0.101909
0.101898
0.101888
0.101877
0.101867
0.101856
0.101846
0.101835
0.101825
0.101814
0.101804
0.101793
0.101783
0.101772
0.101762
0.101751
0.101741
0.10173
0.10172
0.101709
0.101699
0.101688
0.101678
0.101667
0.101657
0.101646
0.101636
0.101625
0.101615
0.101604
0.101594
0.101583
0.101573
0.101562
0.101551
0.101541
0.10153
0.10152
0.101509
0.101499
0.101488
0.101478
0.101467
0.101457
0.101446
0.101436
0.101425
0.101415
0.101404
0.101394
0.101383
0.101373
0.101362
0.101352
0.101341
0.101331
0.10132
0.10131
0.101299
0.101288
0.101278
0.101267
0.101257
0.101246
0.101236
0.101225
0.101215
0.101204
0.101194
0.101183
0.101173
0.101162
0.101152
0.101141
0.101131
0.10112
0.101109
0.101099
0.101088
0.101078
0.101067
0.101057
0.101046
0.101036
0.101025
0.101015
0.101004
0.100994
0.100983
0.100973
0.100962
0.100952
0.100941
0.10093
0.10092
0.100909
0.100899
0.100888
0.100878
0.100867
0.100857
0.100846
0.100836
0.100825
0.100815
0.100804
0.100794
0.100783
0.100772
0.100762
0.100751
0.100741
0.10073
0.10072
0.100709
0.100699
0.100688
0.100678
0.100667
0.100657
0.100646
0.100635
0.100625
0.100614
0.100604
0.100593
0.100583
0.100572
0.100562
0.100551
0.100541
0.10053
0.10052
0.100509
0.100498
0.100488
0.100477
0.100467
0.100456
0.100446
0.100435
0.100425
0.100414
0.100404
0.100393
0.100383
0.100372
0.100361
0.100351
0.10034
0.10033
0.100319
0.100309
0.100298
0.100288
0.100277
0.100267
0.100256
0.100246
0.100235
0.100224
0.100214
0.100203
0.100193
0.100182
0.100172
0.100161
0.100151
0.10014
0.10013
0.100119
0.100108
0.100098
0.100087
0.100077
0.100066
0.100056
0.100045
0.100035
0.100024
0.100014
0.100003
0.0999925
0.099982
0.0999714
0.0999609
0.0999504
0.0999398
0.0999293
0.0999187
0.0999082
0.0998976
0.0998871
0.0998766
0.099866
0.0998555
0.0998449
0.0998344
0.0998239
0.0998133
0.0998028
0.0997922
0.0997817
0.0997712
0.0997606
0.0997501
0.0997395
0.099729
0.0997185
0.0997079
0.0996974
0.0996868
0.0996763
0.0996658
0.0996552
0.0996447
0.0996341
0.0996236
0.0996131
0.0996025
0.099592
0.0995814
0.0995709
0.0995604
0.0995498
0.0995393
0.0995287
0.0995182
0.0995077
0.0994971
0.0994866
0.0994761
0.0994655
0.099455
0.0994444
0.0994339
0.0994234
0.0994128
0.0994023
0.0993918
0.0993812
0.0993707
0.0993602
0.0993496
0.0993391
0.0993285
0.099318
0.0993075
0.0992969
0.0992864
0.0992759
0.0992653
0.0992548
0.0992443
0.0992337
0.0992232
0.0992127
0.0992021
0.0991916
0.0991811
0.0991705
0.09916
0.0991495
0.0991389
0.0991284
0.0991179
0.0991073
0.0990968
0.0990863
0.0990757
0.0990652
0.0990547
0.0990442
0.0990336
0.0990231
0.0990126
0.099002
0.0989915
0.098981
0.0989704
0.0989599
0.0989494
0.0989389
0.0989283
0.0989178
0.0989073
0.0988967
0.0988862
0.0988757
0.0988652
0.0988546
0.0988441
0.0988336
0.0988231
0.0988125
0.098802
0.0987915
0.098781
0.0987704
0.0987599
0.0987494
0.0987389
0.0987283
0.0987178
0.0987073
0.0986968
0.0986863
0.0986757
0.0986652
0.0986547
0.0986442
0.0986337
0.0986231
0.0986126
0.0986021
0.0985916
0.0985811
0.0985705
0.09856
0.0985495
0.098539
0.0985285
0.098518
0.0985074
0.0984969
0.0984864
0.0984759
0.0984654
0.0984549
0.0984443
0.0984338
0.0984233
0.0984128
0.0984023
0.0983918
0.0983813
0.0983707
0.0983602
0.0983497
0.0983392
0.0983287
0.0983182
0.0983077
0.0982972
0.0982867
0.0982762
0.0982656
0.0982551
0.0982446
0.0982341
0.0982236
0.0982131
0.0982026
0.0981921
0.0981816
0.0981711
0.0981606
0.0981501
0.0981396
0.0981291
0.0981186
0.0981081
0.0980976
0.0980871
0.0980766
0.0980661
0.0980556
0.0980451
0.0980346
0.0980241
0.0980136
0.0980031
0.0979926
0.0979821
0.0979716
0.0979611
0.0979506
0.0979401
0.0979296
0.0979191
0.0979086
0.0978981
0.0978876
0.0978771
0.0978666
0.0978561
0.0978456
0.0978351
0.0978247
0.0978142
0.0978037
0.0977932
0.0977827
0.0977722
0.0977617
0.0977512
0.0977407
0.0977303
0.0977198
0.0977093
0.0976988
0.0976883
0.0976778
0.0976674
0.0976569
0.0976464
0.0976359
0.0976254
0.0976149
0.0976045
0.097594
0.0975835
0.097573
0.0975625
0.0975521
0.0975416
0.0975311
0.0975206
0.0975102
0.0974997
0.0974892
0.0974787
0.0974683
0.0974578
0.0974473
0.0974368
0.0974264
0.0974159
0.0974054
0.097395
0.0973845
0.097374
0.0973635
0.0973531
0.0973426
0.0973321
0.0973217
0.0973112
0.0973007
0.0972903
0.0972798
0.0972693
0.0972589
0.0972484
0.097238
0.0972275
0.097217
0.0972066
0.0971961
0.0971857
0.0971752
0.0971647
0.0971543
0.0971438
0.0971334
0.0971229
0.0971125
0.097102
0.0970915
0.0970811
0.0970706
0.0970602
0.0970497
0.0970393
0.0970288
0.0970184
0.0970079
0.0969975
0.096987
0.0969766
0.0969661
0.0969557
0.0969453
0.0969348
0.0969244
0.0969139
0.0969035
0.096893
0.0968826
0.0968722
0.0968617
0.0968513
0.0968408
0.0968304
0.09682
0.0968095
0.0967991
0.0967886
0.0967782
0.0967678
0.0967573
0.0967469
0.0967365
0.096726
0.0967156
0.0967052
0.0966947
0.0966843
0.0966739
0.0966635
0.096653
0.0966426
0.0966322
0.0966218
0.0966113
0.0966009
0.0965905
0.0965801
0.0965696
0.0965592
0.0965488
0.0965384
0.096528
0.0965175
0.0965071
0.0964967
0.0964863
0.0964759
0.0964654
0.096455
0.0964446
0.0964342
0.0964238
0.0964134
0.096403
0.0963926
0.0963822
0.0963717
0.0963613
0.0963509
0.0963405
0.0963301
0.0963197
0.0963093
0.0962989
0.0962885
0.0962781
0.0962677
0.0962573
0.0962469
0.0962365
0.0962261
0.0962157
0.0962053
0.0961949
0.0961845
0.0961741
0.0961637
0.0961533
0.0961429
0.0961325
0.0961221
0.0961117
0.0961014
0.096091
0.0960806
0.0960702
0.0960598
0.0960494
0.096039
0.0960287
0.0960183
0.0960079
0.0959975
0.0959871
0.0959767
0.0959664
0.095956
0.0959456
0.0959352
0.0959248
0.0959145
0.0959041
0.0958937
0.0958833
0.095873
0.0958626
0.0958522
0.0958419
0.0958315
0.0958211
0.0958108
0.0958004
0.09579
0.0957797
0.0957693
0.0957589
0.0957486
0.0957382
0.0957278
0.0957175
0.0957071
0.0956968
0.0956864
0.095676
0.0956657
0.0956553
0.095645
0.0956346
0.0956243
0.0956139
0.0956036
0.0955932
0.0955829
0.0955725
0.0955622
0.0955518
0.0955415
0.0955311
0.0955208
0.0955104
0.0955001
0.0954897
0.0954794
0.0954691
0.0954587
0.0954484
0.095438
0.0954277
0.0954174
0.095407
0.0953967
0.0953864
0.095376
0.0953657
0.0953554
0.095345
0.0953347
0.0953244
0.095314
0.0953037
0.0952934
0.0952831
0.0952727
0.0952624
0.0952521
0.0952418
0.0952314
0.0952211
0.0952108
0.0952005
0.0951902
0.0951799
0.0951695
0.0951592
0.0951489
0.0951386
0.0951283
0.095118
0.0951077
0.0950974
0.095087
0.0950767
0.0950664
0.0950561
0.0950458
0.0950355
0.0950252
0.0950149
0.0950046
0.0949943
0.094984
0.0949737
0.0949634
0.0949531
0.0949428
0.0949325
0.0949222
0.0949119
0.0949017
0.0948914
0.0948811
0.0948708
0.0948605
0.0948502
0.0948399
0.0948296
0.0948194
0.0948091
0.0947988
0.0947885
0.0947782
0.0947679
0.0947577
0.0947474
0.0947371
0.0947268
0.0947166
0.0947063
0.094696
0.0946857
0.0946755
0.0946652
0.0946549
0.0946447
0.0946344
0.0946241
0.0946139
0.0946036
0.0945933
0.0945831
0.0945728
0.0945626
0.0945523
0.094542
0.0945318
0.0945215
0.0945113
0.094501
0.0944908
0.0944805
0.0944703
0.09446
0.0944498
0.0944395
0.0944293
0.094419
0.0944088
0.0943985
0.0943883
0.094378
0.0943678
0.0943576
0.0943473
0.0943371
0.0943268
0.0943166
0.0943064
0.0942961
0.0942859
0.0942757
0.0942654
0.0942552
0.094245
0.0942347
0.0942245
0.0942143
0.0942041
0.0941938
0.0941836
0.0941734
0.0941632
0.094153
0.0941427
0.0941325
0.0941223
0.0941121
0.0941019
0.0940917
0.0940814
0.0940712
0.094061
0.0940508
0.0940406
0.0940304
0.0940202
0.09401
0.0939998
0.0939896
0.0939794
0.0939692
0.093959
0.0939488
0.0939386
0.0939284
0.0939182
0.093908
0.0938978
0.0938876
0.0938774
0.0938672
0.093857
0.0938468
0.0938367
0.0938265
0.0938163
0.0938061
0.0937959
0.0937857
0.0937756
0.0937654
0.0937552
0.093745
0.0937348
0.0937247
0.0937145
0.0937043
0.0936941
0.093684
0.0936738
0.0936636
0.0936535
0.0936433
0.0936331
0.093623
0.0936128
0.0936026
0.0935925
0.0935823
0.0935722
0.093562
0.0935519
0.0935417
0.0935315
0.0935214
0.0935112
0.0935011
0.0934909
0.0934808
0.0934706
0.0934605
0.0934503
0.0934402
0.0934301
0.0934199
0.0934098
0.0933996
0.0933895
0.0933794
0.0933692
0.0933591
0.093349
0.0933388
0.0933287
0.0933186
0.0933084
0.0932983
0.0932882
0.093278
0.0932679
0.0932578
0.0932477
0.0932376
0.0932274
0.0932173
0.0932072
0.0931971
0.093187
0.0931768
0.0931667
0.0931566
0.0931465
0.0931364
0.0931263
0.0931162
0.0931061
0.093096
0.0930859
0.0930758
0.0930657
0.0930556
0.0930455
0.0930354
0.0930253
0.0930152
0.0930051
0.092995
0.0929849
0.0929748
0.0929647
0.0929546
0.0929445
0.0929344
0.0929244
0.0929143
0.0929042
0.0928941
0.092884
0.0928739
0.0928639
0.0928538
0.0928437
0.0928336
0.0928236
0.0928135
0.0928034
0.0927934
0.0927833
0.0927732
0.0927632
0.0927531
0.092743
0.092733
0.0927229
0.0927128
0.0927028
0.0926927
0.0926827
0.0926726
0.0926626
0.0926525
0.0926424
0.0926324
0.0926223
0.0926123
0.0926023
0.0925922
0.0925822
0.0925721
0.0925621
0.092552
0.092542
0.092532
0.0925219
0.0925119
0.0925019
0.0924918
0.0924818
0.0924718
0.0924617
0.0924517
0.0924417
0.0924316
0.0924216
0.0924116
0.0924016
0.0923916
0.0923815
0.0923715
0.0923615
0.0923515
0.0923415
0.0923315
0.0923214
0.0923114
0.0923014
0.0922914
0.0922814
0.0922714
0.0922614
0.0922514
0.0922414
0.0922314
0.0922214
0.0922114
0.0922014
0.0921914
0.0921814
0.0921714
0.0921614
0.0921514
0.0921414
0.0921314
0.0921215
0.0921115
0.0921015
0.0920915
0.0920815
0.0920715
0.0920616
0.0920516
0.0920416
0.0920316
0.0920217
0.0920117
0.0920017
0.0919917
0.0919818
0.0919718
0.0919618
0.0919519
0.0919419
0.0919319
0.091922
0.091912
0.0919021
0.0918921
0.0918821
0.0918722
0.0918622
0.0918523
0.0918423
0.0918324
0.0918224
0.0918125
0.0918025
0.0917926
0.0917827
0.0917727
0.0917628
0.0917528
0.0917429
0.091733
0.091723
0.0917131
0.0917032
0.0916932
0.0916833
0.0916734
0.0916634
0.0916535
0.0916436
0.0916337
0.0916237
0.0916138
0.0916039
0.091594
0.0915841
0.0915742
0.0915642
0.0915543
0.0915444
0.0915345
0.0915246
0.0915147
0.0915048
0.0914949
0.091485
0.0914751
0.0914652
0.0914553
0.0914454
0.0914355
0.0914256
0.0914157
0.0914058
0.0913959
0.091386
0.0913761
0.0913662
0.0913563
0.0913465
0.0913366
0.0913267
0.0913168
0.0913069
0.0912971
0.0912872
0.0912773
0.0912674
0.0912576
0.0912477
0.0912378
0.091228
0.0912181
0.0912082
0.0911984
0.0911885
0.0911786
0.0911688
0.0911589
0.0911491
0.0911392
0.0911293
0.0911195
0.0911096
0.0910998
0.0910899
0.0910801
0.0910702
0.0910604
0.0910506
0.0910407
0.0910309
0.091021
0.0910112
0.0910014
0.0909915
0.0909817
0.0909719
0.090962
0.0909522
0.0909424
0.0909325
0.0909227
0.0909129
0.0909031
0.0908932
0.0908834
0.0908736
0.0908638
0.090854
0.0908442
0.0908343
0.0908245
0.0908147
0.0908049
0.0907951
0.0907853
0.0907755
0.0907657
0.0907559
0.0907461
0.0907363
0.0907265
0.0907167
0.0907069
0.0906971
0.0906873
0.0906775
0.0906677
0.0906579
0.0906482
0.0906384
0.0906286
0.0906188
0.090609
0.0905992
0.0905895
0.0905797
0.0905699
0.0905601
0.0905504
0.0905406
0.0905308
0.0905211
0.0905113
0.0905015
0.0904918
0.090482
0.0904722
0.0904625
0.0904527
0.090443
0.0904332
0.0904235
0.0904137
0.090404
0.0903942
0.0903845
0.0903747
0.090365
0.0903552
0.0903455
0.0903357
0.090326
0.0903163
0.0903065
0.0902968
0.0902871
0.0902773
0.0902676
0.0902579
0.0902481
0.0902384
0.0902287
0.090219
0.0902092
0.0901995
0.0901898
0.0901801
0.0901704
0.0901606
0.0901509
0.0901412
0.0901315
0.0901218
0.0901121
0.0901024
0.0900927
0.090083
0.0900733
0.0900636
0.0900539
0.0900442
0.0900345
0.0900248
0.0900151
0.0900054
0.0899957
0.089986
0.0899763
0.0899667
0.089957
0.0899473
0.0899376
0.0899279
0.0899182
0.0899086
0.0898989
0.0898892
0.0898796
0.0898699
0.0898602
0.0898505
0.0898409
0.0898312
0.0898215
0.0898119
0.0898022
0.0897926
0.0897829
0.0897733
0.0897636
0.0897539
0.0897443
0.0897346
0.089725
0.0897153
0.0897057
0.0896961
0.0896864
0.0896768
0.0896671
0.0896575
0.0896479
0.0896382
0.0896286
0.089619
0.0896093
0.0895997
0.0895901
0.0895804
0.0895708
0.0895612
0.0895516
0.089542
0.0895323
0.0895227
0.0895131
0.0895035
0.0894939
0.0894843
0.0894747
0.0894651
0.0894554
0.0894458
0.0894362
0.0894266
0.089417
0.0894074
0.0893978
0.0893882
0.0893786
0.0893691
0.0893595
0.0893499
0.0893403
0.0893307
0.0893211
0.0893115
0.0893019
0.0892924
0.0892828
0.0892732
0.0892636
0.0892541
0.0892445
0.0892349
0.0892253
0.0892158
0.0892062
0.0891966
0.0891871
0.0891775
0.089168
0.0891584
0.0891488
0.0891393
0.0891297
0.0891202
0.0891106
0.0891011
0.0890915
0.089082
0.0890724
0.0890629
0.0890533
0.0890438
0.0890343
0.0890247
0.0890152
0.0890057
0.0889961
0.0889866
0.0889771
0.0889675
0.088958
0.0889485
0.088939
0.0889294
0.0889199
0.0889104
0.0889009
0.0888914
0.0888818
0.0888723
0.0888628
0.0888533
0.0888438
0.0888343
0.0888248
0.0888153
0.0888058
0.0887963
0.0887868
0.0887773
0.0887678
0.0887583
0.0887488
0.0887393
0.0887298
0.0887203
0.0887108
0.0887014
0.0886919
0.0886824
0.0886729
0.0886634
0.088654
0.0886445
0.088635
0.0886255
0.0886161
0.0886066
0.0885971
0.0885877
0.0885782
0.0885687
0.0885593
0.0885498
0.0885404
0.0885309
0.0885214
0.088512
0.0885025
0.0884931
0.0884836
0.0884742
0.0884647
0.0884553
0.0884459
0.0884364
0.088427
0.0884175
0.0884081
0.0883987
0.0883892
0.0883798
0.0883704
0.0883609
0.0883515
0.0883421
0.0883327
0.0883232
0.0883138
0.0883044
0.088295
0.0882856
0.0882762
0.0882667
0.0882573
0.0882479
0.0882385
0.0882291
0.0882197
0.0882103
0.0882009
0.0881915
0.0881821
0.0881727
0.0881633
0.0881539
0.0881445
0.0881351
0.0881258
0.0881164
0.088107
0.0880976
0.0880882
0.0880788
0.0880695
0.0880601
0.0880507
0.0880413
0.088032
0.0880226
0.0880132
0.0880038
0.0879945
0.0879851
0.0879758
0.0879664
0.087957
0.0879477
0.0879383
0.087929
0.0879196
0.0879103
0.0879009
0.0878916
0.0878822
0.0878729
0.0878635
0.0878542
0.0878448
0.0878355
0.0878262
0.0878168
0.0878075
0.0877982
0.0877888
0.0877795
0.0877702
0.0877609
0.0877515
0.0877422
0.0877329
0.0877236
0.0877143
0.0877049
0.0876956
0.0876863
0.087677
0.0876677
0.0876584
0.0876491
0.0876398
0.0876305
0.0876212
0.0876119
0.0876026
0.0875933
0.087584
0.0875747
0.0875654
0.0875561
0.0875468
0.0875375
0.0875282
0.087519
0.0875097
0.0875004
0.0874911
0.0874818
0.0874726
0.0874633
0.087454
0.0874448
0.0874355
0.0874262
0.087417
0.0874077
0.0873984
0.0873892
0.0873799
0.0873706
0.0873614
0.0873521
0.0873429
0.0873336
0.0873244
0.0873151
0.0873059
0.0872967
0.0872874
0.0872782
0.0872689
0.0872597
0.0872505
0.0872412
0.087232
0.0872228
0.0872135
0.0872043
0.0871951
0.0871859
0.0871766
0.0871674
0.0871582
0.087149
0.0871398
0.0871305
0.0871213
0.0871121
0.0871029
0.0870937
0.0870845
0.0870753
0.0870661
0.0870569
0.0870477
0.0870385
0.0870293
0.0870201
0.0870109
0.0870017
0.0869925
0.0869833
0.0869742
0.086965
0.0869558
0.0869466
0.0869374
0.0869283
0.0869191
0.0869099
0.0869007
0.0868916
0.0868824
0.0868732
0.0868641
0.0868549
0.0868457
0.0868366
0.0868274
0.0868183
0.0868091
0.0867999
0.0867908
0.0867816
0.0867725
0.0867633
0.0867542
0.0867451
0.0867359
0.0867268
0.0867176
0.0867085
0.0866994
0.0866902
0.0866811
0.086672
0.0866628
0.0866537
0.0866446
0.0866355
0.0866263
0.0866172
0.0866081
0.086599
0.0865899
0.0865807
0.0865716
0.0865625
0.0865534
0.0865443
0.0865352
0.0865261
0.086517
0.0865079
0.0864988
0.0864897
0.0864806
0.0864715
0.0864624
0.0864533
0.0864442
0.0864352
0.0864261
0.086417
0.0864079
0.0863988
0.0863897
0.0863807
0.0863716
0.0863625
0.0863534
0.0863444
0.0863353
0.0863262
0.0863172
0.0863081
0.086299
0.08629
0.0862809
0.0862719
0.0862628
0.0862538
0.0862447
0.0862357
0.0862266
0.0862176
0.0862085
0.0861995
0.0861904
0.0861814
0.0861724
0.0861633
0.0861543
0.0861453
0.0861362
0.0861272
0.0861182
0.0861091
0.0861001
0.0860911
0.0860821
0.0860731
0.086064
0.086055
0.086046
0.086037
0.086028
0.086019
0.08601
0.086001
0.085992
0.085983
0.085974
0.085965
0.085956
0.085947
0.085938
0.085929
0.08592
0.085911
0.085902
0.085893
0.0858841
0.0858751
0.0858661
0.0858571
0.0858481
0.0858392
0.0858302
0.0858212
0.0858123
0.0858033
0.0857943
0.0857854
0.0857764
0.0857674
0.0857585
0.0857495
0.0857406
0.0857316
0.0857227
0.0857137
0.0857048
0.0856958
0.0856869
0.0856779
0.085669
0.08566
0.0856511
0.0856422
0.0856332
0.0856243
0.0856154
0.0856064
0.0855975
0.0855886
0.0855797
0.0855707
0.0855618
0.0855529
0.085544
0.0855351
0.0855261
0.0855172
0.0855083
0.0854994
0.0854905
0.0854816
0.0854727
0.0854638
0.0854549
0.085446
0.0854371
0.0854282
0.0854193
0.0854104
0.0854015
0.0853926
0.0853837
0.0853749
0.085366
0.0853571
0.0853482
0.0853393
0.0853305
0.0853216
0.0853127
0.0853038
0.085295
0.0852861
0.0852772
0.0852684
0.0852595
0.0852507
0.0852418
0.0852329
0.0852241
0.0852152
0.0852064
0.0851975
0.0851887
0.0851798
0.085171
0.0851621
0.0851533
0.0851445
0.0851356
0.0851268
0.085118
0.0851091
0.0851003
0.0850915
0.0850826
0.0850738
0.085065
0.0850562
0.0850473
0.0850385
0.0850297
0.0850209
0.0850121
0.0850033
0.0849945
0.0849856
0.0849768
0.084968
0.0849592
0.0849504
0.0849416
0.0849328
0.084924
0.0849152
0.0849064
0.0848977
0.0848889
0.0848801
0.0848713
0.0848625
0.0848537
0.0848449
0.0848362
0.0848274
0.0848186
0.0848098
0.0848011
0.0847923
0.0847835
0.0847748
0.084766
0.0847572
0.0847485
0.0847397
0.084731
0.0847222
0.0847135
0.0847047
0.084696
0.0846872
0.0846785
0.0846697
0.084661
0.0846522
0.0846435
0.0846347
0.084626
0.0846173
0.0846085
0.0845998
0.0845911
0.0845824
0.0845736
0.0845649
0.0845562
0.0845475
0.0845387
0.08453
0.0845213
0.0845126
0.0845039
0.0844952
0.0844865
0.0844778
0.0844691
0.0844603
0.0844516
0.0844429
0.0844342
0.0844256
0.0844169
0.0844082
0.0843995
0.0843908
0.0843821
0.0843734
0.0843647
0.084356
0.0843474
0.0843387
0.08433
0.0843213
0.0843127
0.084304
0.0842953
0.0842867
0.084278
0.0842693
0.0842607
0.084252
0.0842433
0.0842347
0.084226
0.0842174
0.0842087
0.0842001
0.0841914
0.0841828
0.0841741
0.0841655
0.0841568
0.0841482
0.0841396
0.0841309
0.0841223
0.0841137
0.084105
0.0840964
0.0840878
0.0840792
0.0840705
0.0840619
0.0840533
0.0840447
0.0840361
0.0840274
0.0840188
0.0840102
0.0840016
0.083993
0.0839844
0.0839758
0.0839672
0.0839586
0.08395
0.0839414
0.0839328
0.0839242
0.0839156
0.083907
0.0838984
0.0838898
0.0838813
0.0838727
0.0838641
0.0838555
0.0838469
0.0838384
0.0838298
0.0838212
0.0838126
0.0838041
0.0837955
0.0837869
0.0837784
0.0837698
0.0837613
0.0837527
0.0837441
0.0837356
0.083727
0.0837185
0.0837099
0.0837014
0.0836928
0.0836843
0.0836758
0.0836672
0.0836587
0.0836501
0.0836416
0.0836331
Predictions(GD) 	 Predictions(C) 	 True Value
2.33641			 1.8651			 1.93922
3.06596			 2.76633			 2.47294
2.24207			 2.00126			 2.1187
1.99781			 1.67692			 1.88743
1.47279			 1.30783			 1.71037
2.64777			 2.51683			 2.40151
2.43779			 2.1636			 2.16058
2.33964			 2.27794			 2.30826
1.79214			 1.59387			 1.90715
2.56718			 2.37144			 2.27519
2.91596			 2.77674			 2.53373
2.39525			 2.42728			 2.49496
2.04043			 1.88447			 2.08067
2.02982			 2.01054			 2.16041
2.3457			 2.35082			 2.37745
2.52541			 2.16992			 2.20424
3.17457			 2.72638			 2.41773
2.83738			 2.71437			 2.47746
2.19871			 2.02523			 2.12707
1.96878			 1.59114			 1.76865
2.45636			 2.26463			 2.21819
1.9951			 1.67114			 1.85368
2.01632			 1.78099			 2.03464
2.61597			 2.07651			 2.02722
2.39902			 2.28588			 2.30089
2.59603			 2.57766			 2.5336
2.6381			 2.56467			 2.4701
2.34923			 2.0981			 2.17699
2.59843			 2.57649			 2.55999
2.45335			 2.16361			 2.20774
2.26289			 2.27673			 2.41449
1.84981			 1.79392			 2.05179
2.37467			 1.9528			 1.96574
2.53288			 2.22935			 2.23814
3.01115			 2.81131			 2.57427
2.58457			 2.40904			 2.38135
2.56146			 2.37521			 2.33609
2.24474			 2.05804			 2.18182
2.13102			 2.23565			 2.36062
2.04959			 1.9172			 2.0494
2.86297			 2.64238			 2.50437
2.74753			 2.6134			 2.47955
2.30481			 2.31154			 2.4375
2.4885			 2.31332			 2.23973
1.95667			 1.74207			 1.98766
2.6392			 2.17763			 2.07588
2.4942			 2.45085			 2.41673
2.46091			 2.43869			 2.43781
2.43075			 2.03388			 2.08609
1.78682			 1.54332			 1.81735
1.93394			 1.46735			 1.74178
2.3515			 2.24862			 2.30519
2.70938			 2.36896			 2.23654
2.44743			 2.22878			 2.2152
2.61173			 2.59086			 2.50508
1.86577			 1.59846			 1.90416
2.8771			 2.77579			 2.56158
2.62928			 2.31138			 2.24308
1.59222			 1.4797			 1.90622
3.01586			 2.88699			 2.61512
2.14469			 2.15397			 2.31414
2.03566			 1.99603			 2.20923
1.90169			 1.73637			 2.00174
2.10502			 1.71527			 1.83351
2.0503			 1.89141			 2.08621
2.22433			 2.17107			 2.21374
1.52382			 1.26276			 1.73127
2.29619			 1.8617			 1.93495
2.20414			 1.80764			 1.95478
2.54834			 2.42193			 2.41207
2.7035			 2.31458			 2.22067
2.28557			 2.1607			 2.23472
1.83459			 1.75177			 1.99266
2.65563			 2.711			 2.61235
2.5292			 2.48172			 2.41376
2.54222			 2.2216			 2.14223
2.27217			 2.33818			 2.39909
1.83741			 1.58043			 1.85978
2.22545			 2.35062			 2.47335
1.34506			 1.29959			 1.843
2.60557			 2.37345			 2.29086
2.78771			 2.68504			 2.54477
2.88234			 2.8016			 2.58257
2.28602			 2.29408			 2.41132
1.81742			 1.89935			 2.14933
2.79164			 2.6597			 2.45717
1.81512			 1.52557			 1.81199
2.54999			 2.38097			 2.37067
2.6266			 2.38192			 2.27011
1.82454			 1.47105			 1.7219
2.05691			 1.62197			 1.79347
2.71122			 2.76895			 2.62436
2.30748			 2.03989			 2.07263
2.11752			 1.99696			 2.1882
2.78947			 2.48812			 2.37407
2.4814			 2.29872			 2.23855
2.81712			 2.2621			 2.06777
2.80931			 2.65478			 2.47903
3.06135			 2.76237			 2.48418
2.5408			 2.5084			 2.421
2.81961			 2.95825			 2.81747
2.40667			 1.98661			 2.00852
2.18901			 1.96919			 2.11445
2.05639			 1.66041			 1.811
2.2324			 1.81207			 1.93925
2.02711			 1.7895			 1.9987
2.29869			 2.04484			 2.06038
2.6595			 2.31644			 2.26487
2.96269			 2.88929			 2.64263
2.49151			 2.20376			 2.16872
2.1422			 2.05843			 2.22363
2.94057			 2.84212			 2.65123
2.70581			 2.62968			 2.51176
2.71169			 2.82412			 2.71825
2.32192			 2.0388			 2.09343
1.8593			 1.55577			 1.81852
2.67451			 2.48256			 2.39976
2.4096			 1.7723			 1.77071
2.54275			 2.41978			 2.35332
2.11558			 1.83852			 1.96751
2.03824			 1.9689			 2.20269
2.41629			 2.38468			 2.37185
2.58802			 2.40791			 2.34811
2.40285			 2.0133			 2.01242
2.12119			 1.93715			 2.12997
2.12816			 1.80261			 1.94948
2.50092			 2.17651			 2.11037
2.2994			 2.14209			 2.2262
2.58591			 2.69299			 2.59198
2.56014			 2.023			 2.00318
2.01746			 1.94884			 2.12729
1.60529			 1.35878			 1.7259
2.72802			 2.51105			 2.43429
2.51703			 2.24955			 2.21401
2.71014			 2.84345			 2.68851
1.35759			 1.03076			 1.53668
1.95523			 1.89428			 2.07382
1.82327			 1.97941			 2.24767
2.10443			 1.86382			 2.02416
1.8136			 1.54234			 1.80196
2.33458			 2.32942			 2.40891
2.53103			 2.29983			 2.27851
2.46512			 2.22411			 2.22321
1.90748			 2.07535			 2.31562
2.34787			 2.16465			 2.23733
1.92001			 1.62481			 1.87854
2.70019			 2.53864			 2.36858
2.50339			 2.49173			 2.47046
2.63248			 2.26449			 2.2199
2.5979			 2.31261			 2.27475
2.66297			 2.39354			 2.27565
2.19144			 1.93891			 2.08248
2.30307			 2.21669			 2.27585
2.47674			 2.42517			 2.46759
2.67426			 2.37853			 2.27494
3.09298			 2.97013			 2.71433
2.59534			 2.45922			 2.45436
2.69046			 2.44027			 2.30606
2.27065			 2.05728			 2.18234
2.355			 2.17357			 2.21291
1.80348			 1.95256			 2.23956
2.54289			 2.46825			 2.47871
2.89833			 2.80093			 2.61405
2.36958			 2.01644			 2.04389
2.94408			 2.64209			 2.44061
2.00017			 1.48657			 1.70243
1.72904			 1.32555			 1.6396
1.95832			 1.80075			 2.02071
2.40691			 2.29346			 2.28856
2.40021			 2.28152			 2.35514
2.78723			 2.81701			 2.65562
2.37425			 2.32272			 2.33427
2.03081			 2.17658			 2.4101
2.08001			 1.62687			 1.85309
2.10698			 2.03522			 2.17085
2.53526			 2.41129			 2.36536
2.20856			 1.91841			 1.99591
2.16586			 2.19389			 2.27914
2.06685			 1.81415			 2.00734
1.58588			 1.34732			 1.75083
2.25123			 2.19698			 2.33144
2.66207			 2.63439			 2.51508
2.45096			 2.40279			 2.40799
2.07834			 2.0444			 2.15034
2.30239			 2.19351			 2.22998
2.48901			 2.60662			 2.58515
2.86709			 2.63542			 2.47209
1.38287			 1.10941			 1.59635
2.86902			 2.52264			 2.36378
1.62822			 1.69788			 2.04611
1.91367			 1.61299			 1.88847
2.14661			 1.9515			 2.12566
2.32917			 2.31369			 2.31718
2.8687			 2.63366			 2.44409
2.70029			 2.44011			 2.30657
3.09234			 2.97051			 2.66221
2.68624			 2.3934			 2.29914
1.82865			 1.50505			 1.81883
2.45709			 2.32036			 2.32406
2.57111			 2.64816			 2.63605
Testing loss 0.0714139
